50 20 1
00000000000000000000000101000000000000000000000000
00000000000000000000000100100000000000000000000000
00000000100000010000000000110000001100000000000000
10000001010000010000000010001100001100000000000000
01000010110000001000000000110000000000000000000001
11000110110000000001100100100000000000000000000000
00000010110000011100100101000000000000000000000000
00000001010000000111100000000000000000000000000000
00000000100000000011000000000000000000000000000000
00000000000000000000000000000000000000000000000000
00000000000000000000000000000000000110110110110110
00000000000000000000000000000000000110110110110110
00000000000000000000000000000001100000000000000000
00000000000000000000000000000001100000000000000000
00000000000000000000000000000000000000000000000000
00000000000000000000000000001100000000000000000000
00000000000000000000000000001100000000000000000000
00000000000000000000000000000000000000000000000000
00000000000000000000000000000000000000000000000000
00000000000000000000000000000000000000000000000000
