Generation Density AliveCells
0 0,1 121
1 0,1 64
2 0,1 48
3 0,1 45
4 0,1 48
5 0,1 54
6 0,1 51
7 0,1 61
8 0,1 56
9 0,1 63
10 0,1 69
11 0,1 71
12 0,1 68
13 0,1 69
14 0,1 69
15 0,1 75
16 0,1 81
17 0,1 93
18 0,1 97
19 0,1 98
20 0,1 97
21 0,1 108
22 0,1 96
23 0,1 112
24 0,1 100
25 0,1 92
26 0,1 65
27 0,1 55
28 0,1 51
29 0,1 45
30 0,1 35
31 0,1 31
32 0,1 28
33 0,1 26
34 0,1 25
35 0,1 23
36 0,1 23
37 0,1 23
38 0,1 23
39 0,1 23
40 0,1 23
41 0,1 23
42 0,1 23
43 0,1 23
44 0,1 23
45 0,1 23
46 0,1 23
47 0,1 23
48 0,1 23
49 0,1 23
50 0,1 23
51 0,1 23
52 0,1 23
53 0,1 23
54 0,1 23
55 0,1 23
56 0,1 23
57 0,1 23
58 0,1 23
59 0,1 23
60 0,1 23
61 0,1 23
62 0,1 23
63 0,1 23
64 0,1 23
65 0,1 23
66 0,1 23
67 0,1 23
68 0,1 23
69 0,1 23
70 0,1 23
71 0,1 23
72 0,1 23
73 0,1 23
74 0,1 23
75 0,1 23
76 0,1 23
77 0,1 23
78 0,1 23
79 0,1 23
80 0,1 23
81 0,1 23
82 0,1 23
83 0,1 23
84 0,1 23
85 0,1 23
86 0,1 23
87 0,1 23
88 0,1 23
89 0,1 23
90 0,1 23
91 0,1 23
92 0,1 23
93 0,1 23
94 0,1 23
95 0,1 23
96 0,1 23
97 0,1 23
98 0,1 23
99 0,1 23
100 0,1 23
101 0,1 23
102 0,1 23
103 0,1 23
104 0,1 23
105 0,1 23
106 0,1 23
107 0,1 23
108 0,1 23
109 0,1 23
110 0,1 23
111 0,1 23
112 0,1 23
113 0,1 23
114 0,1 23
115 0,1 23
116 0,1 23
117 0,1 23
118 0,1 23
119 0,1 23
120 0,1 23
121 0,1 23
122 0,1 23
123 0,1 23
124 0,1 23
125 0,1 23
126 0,1 23
127 0,1 23
128 0,1 23
129 0,1 23
130 0,1 23
131 0,1 23
132 0,1 23
133 0,1 23
134 0,1 23
135 0,1 23
136 0,1 23
137 0,1 23
138 0,1 23
139 0,1 23
140 0,1 23
141 0,1 23
142 0,1 23
143 0,1 23
144 0,1 23
145 0,1 23
146 0,1 23
147 0,1 23
148 0,1 23
149 0,1 23
150 0,1 23
151 0,1 23
152 0,1 23
153 0,1 23
154 0,1 23
155 0,1 23
156 0,1 23
157 0,1 23
158 0,1 23
159 0,1 23
160 0,1 23
161 0,1 23
162 0,1 23
163 0,1 23
164 0,1 23
165 0,1 23
166 0,1 23
167 0,1 23
168 0,1 23
169 0,1 23
170 0,1 23
171 0,1 23
172 0,1 23
173 0,1 23
174 0,1 23
175 0,1 23
176 0,1 23
177 0,1 23
178 0,1 23
179 0,1 23
180 0,1 23
181 0,1 23
182 0,1 23
183 0,1 23
184 0,1 23
185 0,1 23
186 0,1 23
187 0,1 23
188 0,1 23
189 0,1 23
190 0,1 23
191 0,1 23
192 0,1 23
193 0,1 23
194 0,1 23
195 0,1 23
196 0,1 23
197 0,1 23
198 0,1 23
199 0,1 23
200 0,1 23
201 0,1 23
202 0,1 23
203 0,1 23
204 0,1 23
205 0,1 23
206 0,1 23
207 0,1 23
208 0,1 23
209 0,1 23
210 0,1 23
211 0,1 23
212 0,1 23
213 0,1 23
214 0,1 23
215 0,1 23
216 0,1 23
217 0,1 23
218 0,1 23
219 0,1 23
220 0,1 23
221 0,1 23
222 0,1 23
223 0,1 23
224 0,1 23
225 0,1 23
226 0,1 23
227 0,1 23
228 0,1 23
229 0,1 23
230 0,1 23
231 0,1 23
232 0,1 23
233 0,1 23
234 0,1 23
235 0,1 23
236 0,1 23
237 0,1 23
238 0,1 23
239 0,1 23
240 0,1 23
241 0,1 23
242 0,1 23
243 0,1 23
244 0,1 23
245 0,1 23
246 0,1 23
247 0,1 23
248 0,1 23
249 0,1 23
250 0,1 23
251 0,1 23
252 0,1 23
253 0,1 23
254 0,1 23
255 0,1 23
256 0,1 23
257 0,1 23
258 0,1 23
259 0,1 23
260 0,1 23
261 0,1 23
262 0,1 23
263 0,1 23
264 0,1 23
265 0,1 23
266 0,1 23
267 0,1 23
268 0,1 23
269 0,1 23
270 0,1 23
271 0,1 23
272 0,1 23
273 0,1 23
274 0,1 23
275 0,1 23
276 0,1 23
277 0,1 23
278 0,1 23
279 0,1 23
280 0,1 23
281 0,1 23
282 0,1 23
283 0,1 23
284 0,1 23
285 0,1 23
286 0,1 23
287 0,1 23
288 0,1 23
289 0,1 23
290 0,1 23
291 0,1 23
292 0,1 23
293 0,1 23
294 0,1 23
295 0,1 23
296 0,1 23
297 0,1 23
298 0,1 23
299 0,1 23
300 0,1 23
301 0,1 23
302 0,1 23
303 0,1 23
304 0,1 23
305 0,1 23
306 0,1 23
307 0,1 23
308 0,1 23
309 0,1 23
310 0,1 23
311 0,1 23
312 0,1 23
313 0,1 23
314 0,1 23
315 0,1 23
316 0,1 23
317 0,1 23
318 0,1 23
319 0,1 23
320 0,1 23
321 0,1 23
322 0,1 23
323 0,1 23
324 0,1 23
325 0,1 23
326 0,1 23
327 0,1 23
328 0,1 23
329 0,1 23
330 0,1 23
331 0,1 23
332 0,1 23
333 0,1 23
334 0,1 23
335 0,1 23
336 0,1 23
337 0,1 23
338 0,1 23
339 0,1 23
340 0,1 23
341 0,1 23
342 0,1 23
343 0,1 23
344 0,1 23
345 0,1 23
346 0,1 23
347 0,1 23
348 0,1 23
349 0,1 23
350 0,1 23
351 0,1 23
352 0,1 23
353 0,1 23
354 0,1 23
355 0,1 23
356 0,1 23
357 0,1 23
358 0,1 23
359 0,1 23
360 0,1 23
361 0,1 23
362 0,1 23
363 0,1 23
364 0,1 23
365 0,1 23
366 0,1 23
367 0,1 23
368 0,1 23
369 0,1 23
370 0,1 23
371 0,1 23
372 0,1 23
373 0,1 23
374 0,1 23
375 0,1 23
376 0,1 23
377 0,1 23
378 0,1 23
379 0,1 23
380 0,1 23
381 0,1 23
382 0,1 23
383 0,1 23
384 0,1 23
385 0,1 23
386 0,1 23
387 0,1 23
388 0,1 23
389 0,1 23
390 0,1 23
391 0,1 23
392 0,1 23
393 0,1 23
394 0,1 23
395 0,1 23
396 0,1 23
397 0,1 23
398 0,1 23
399 0,1 23
400 0,1 23
401 0,1 23
402 0,1 23
403 0,1 23
404 0,1 23
405 0,1 23
406 0,1 23
407 0,1 23
408 0,1 23
409 0,1 23
410 0,1 23
411 0,1 23
412 0,1 23
413 0,1 23
414 0,1 23
415 0,1 23
416 0,1 23
417 0,1 23
418 0,1 23
419 0,1 23
420 0,1 23
421 0,1 23
422 0,1 23
423 0,1 23
424 0,1 23
425 0,1 23
426 0,1 23
427 0,1 23
428 0,1 23
429 0,1 23
430 0,1 23
431 0,1 23
432 0,1 23
433 0,1 23
434 0,1 23
435 0,1 23
436 0,1 23
437 0,1 23
438 0,1 23
439 0,1 23
440 0,1 23
441 0,1 23
442 0,1 23
443 0,1 23
444 0,1 23
445 0,1 23
446 0,1 23
447 0,1 23
448 0,1 23
449 0,1 23
450 0,1 23
451 0,1 23
452 0,1 23
453 0,1 23
454 0,1 23
455 0,1 23
456 0,1 23
457 0,1 23
458 0,1 23
459 0,1 23
460 0,1 23
461 0,1 23
462 0,1 23
463 0,1 23
464 0,1 23
465 0,1 23
466 0,1 23
467 0,1 23
468 0,1 23
469 0,1 23
470 0,1 23
471 0,1 23
472 0,1 23
473 0,1 23
474 0,1 23
475 0,1 23
476 0,1 23
477 0,1 23
478 0,1 23
479 0,1 23
480 0,1 23
481 0,1 23
482 0,1 23
483 0,1 23
484 0,1 23
485 0,1 23
486 0,1 23
487 0,1 23
488 0,1 23
489 0,1 23
490 0,1 23
491 0,1 23
492 0,1 23
493 0,1 23
494 0,1 23
495 0,1 23
496 0,1 23
497 0,1 23
498 0,1 23
499 0,1 23
500 0,1 23
501 0,1 23
502 0,1 23
503 0,1 23
504 0,1 23
505 0,1 23
506 0,1 23
507 0,1 23
508 0,1 23
509 0,1 23
510 0,1 23
511 0,1 23
512 0,1 23
513 0,1 23
514 0,1 23
515 0,1 23
516 0,1 23
517 0,1 23
518 0,1 23
519 0,1 23
520 0,1 23
521 0,1 23
522 0,1 23
523 0,1 23
524 0,1 23
525 0,1 23
526 0,1 23
527 0,1 23
528 0,1 23
529 0,1 23
530 0,1 23
531 0,1 23
532 0,1 23
533 0,1 23
534 0,1 23
535 0,1 23
536 0,1 23
537 0,1 23
538 0,1 23
539 0,1 23
540 0,1 23
541 0,1 23
542 0,1 23
543 0,1 23
544 0,1 23
545 0,1 23
546 0,1 23
547 0,1 23
548 0,1 23
549 0,1 23
550 0,1 23
551 0,1 23
552 0,1 23
553 0,1 23
554 0,1 23
555 0,1 23
556 0,1 23
557 0,1 23
558 0,1 23
559 0,1 23
560 0,1 23
561 0,1 23
562 0,1 23
563 0,1 23
564 0,1 23
565 0,1 23
566 0,1 23
567 0,1 23
568 0,1 23
569 0,1 23
570 0,1 23
571 0,1 23
572 0,1 23
573 0,1 23
574 0,1 23
575 0,1 23
576 0,1 23
577 0,1 23
578 0,1 23
579 0,1 23
580 0,1 23
581 0,1 23
582 0,1 23
583 0,1 23
584 0,1 23
585 0,1 23
586 0,1 23
587 0,1 23
588 0,1 23
589 0,1 23
590 0,1 23
591 0,1 23
592 0,1 23
593 0,1 23
594 0,1 23
595 0,1 23
596 0,1 23
597 0,1 23
598 0,1 23
599 0,1 23
0 0,2 193
1 0,2 205
2 0,2 173
3 0,2 183
4 0,2 155
5 0,2 157
6 0,2 147
7 0,2 136
8 0,2 128
9 0,2 129
10 0,2 125
11 0,2 137
12 0,2 131
13 0,2 124
14 0,2 118
15 0,2 127
16 0,2 124
17 0,2 127
18 0,2 113
19 0,2 117
20 0,2 123
21 0,2 121
22 0,2 136
23 0,2 122
24 0,2 132
25 0,2 149
26 0,2 140
27 0,2 153
28 0,2 150
29 0,2 166
30 0,2 151
31 0,2 147
32 0,2 143
33 0,2 156
34 0,2 152
35 0,2 167
36 0,2 156
37 0,2 171
38 0,2 148
39 0,2 157
40 0,2 176
41 0,2 158
42 0,2 164
43 0,2 161
44 0,2 157
45 0,2 166
46 0,2 151
47 0,2 152
48 0,2 146
49 0,2 140
50 0,2 140
51 0,2 121
52 0,2 107
53 0,2 105
54 0,2 96
55 0,2 93
56 0,2 102
57 0,2 88
58 0,2 101
59 0,2 91
60 0,2 94
61 0,2 77
62 0,2 88
63 0,2 83
64 0,2 82
65 0,2 84
66 0,2 81
67 0,2 97
68 0,2 85
69 0,2 83
70 0,2 81
71 0,2 101
72 0,2 83
73 0,2 95
74 0,2 87
75 0,2 98
76 0,2 95
77 0,2 85
78 0,2 101
79 0,2 86
80 0,2 74
81 0,2 79
82 0,2 77
83 0,2 76
84 0,2 76
85 0,2 66
86 0,2 71
87 0,2 71
88 0,2 67
89 0,2 72
90 0,2 69
91 0,2 80
92 0,2 63
93 0,2 63
94 0,2 67
95 0,2 75
96 0,2 81
97 0,2 79
98 0,2 97
99 0,2 84
100 0,2 89
101 0,2 90
102 0,2 88
103 0,2 91
104 0,2 107
105 0,2 116
106 0,2 116
107 0,2 121
108 0,2 142
109 0,2 152
110 0,2 147
111 0,2 157
112 0,2 158
113 0,2 134
114 0,2 129
115 0,2 130
116 0,2 113
117 0,2 114
118 0,2 110
119 0,2 102
120 0,2 104
121 0,2 97
122 0,2 106
123 0,2 93
124 0,2 80
125 0,2 77
126 0,2 74
127 0,2 85
128 0,2 85
129 0,2 84
130 0,2 72
131 0,2 81
132 0,2 80
133 0,2 82
134 0,2 85
135 0,2 74
136 0,2 87
137 0,2 79
138 0,2 68
139 0,2 63
140 0,2 60
141 0,2 54
142 0,2 49
143 0,2 55
144 0,2 51
145 0,2 53
146 0,2 57
147 0,2 58
148 0,2 62
149 0,2 63
150 0,2 61
151 0,2 70
152 0,2 69
153 0,2 75
154 0,2 71
155 0,2 76
156 0,2 81
157 0,2 82
158 0,2 82
159 0,2 75
160 0,2 88
161 0,2 73
162 0,2 73
163 0,2 78
164 0,2 88
165 0,2 78
166 0,2 93
167 0,2 96
168 0,2 91
169 0,2 81
170 0,2 87
171 0,2 80
172 0,2 81
173 0,2 93
174 0,2 76
175 0,2 83
176 0,2 83
177 0,2 88
178 0,2 105
179 0,2 94
180 0,2 96
181 0,2 95
182 0,2 101
183 0,2 89
184 0,2 92
185 0,2 92
186 0,2 106
187 0,2 96
188 0,2 102
189 0,2 86
190 0,2 93
191 0,2 97
192 0,2 86
193 0,2 84
194 0,2 71
195 0,2 72
196 0,2 67
197 0,2 82
198 0,2 76
199 0,2 84
200 0,2 78
201 0,2 86
202 0,2 80
203 0,2 70
204 0,2 83
205 0,2 66
206 0,2 77
207 0,2 63
208 0,2 74
209 0,2 78
210 0,2 95
211 0,2 86
212 0,2 77
213 0,2 84
214 0,2 89
215 0,2 75
216 0,2 63
217 0,2 76
218 0,2 68
219 0,2 79
220 0,2 82
221 0,2 97
222 0,2 68
223 0,2 68
224 0,2 64
225 0,2 67
226 0,2 67
227 0,2 72
228 0,2 80
229 0,2 90
230 0,2 82
231 0,2 76
232 0,2 65
233 0,2 71
234 0,2 68
235 0,2 81
236 0,2 75
237 0,2 78
238 0,2 73
239 0,2 64
240 0,2 61
241 0,2 63
242 0,2 67
243 0,2 68
244 0,2 74
245 0,2 75
246 0,2 76
247 0,2 79
248 0,2 75
249 0,2 84
250 0,2 68
251 0,2 80
252 0,2 75
253 0,2 79
254 0,2 73
255 0,2 66
256 0,2 73
257 0,2 61
258 0,2 67
259 0,2 63
260 0,2 64
261 0,2 62
262 0,2 56
263 0,2 64
264 0,2 58
265 0,2 58
266 0,2 60
267 0,2 62
268 0,2 58
269 0,2 59
270 0,2 64
271 0,2 56
272 0,2 55
273 0,2 49
274 0,2 52
275 0,2 56
276 0,2 50
277 0,2 61
278 0,2 47
279 0,2 46
280 0,2 41
281 0,2 46
282 0,2 32
283 0,2 34
284 0,2 33
285 0,2 44
286 0,2 36
287 0,2 35
288 0,2 24
289 0,2 15
290 0,2 14
291 0,2 16
292 0,2 16
293 0,2 16
294 0,2 16
295 0,2 16
296 0,2 16
297 0,2 16
298 0,2 16
299 0,2 16
300 0,2 16
301 0,2 16
302 0,2 16
303 0,2 16
304 0,2 16
305 0,2 16
306 0,2 16
307 0,2 16
308 0,2 16
309 0,2 16
310 0,2 16
311 0,2 16
312 0,2 16
313 0,2 16
314 0,2 16
315 0,2 16
316 0,2 16
317 0,2 16
318 0,2 16
319 0,2 16
320 0,2 16
321 0,2 16
322 0,2 16
323 0,2 16
324 0,2 16
325 0,2 16
326 0,2 16
327 0,2 16
328 0,2 16
329 0,2 16
330 0,2 16
331 0,2 16
332 0,2 16
333 0,2 16
334 0,2 16
335 0,2 16
336 0,2 16
337 0,2 16
338 0,2 16
339 0,2 16
340 0,2 16
341 0,2 16
342 0,2 16
343 0,2 16
344 0,2 16
345 0,2 16
346 0,2 16
347 0,2 16
348 0,2 16
349 0,2 16
350 0,2 16
351 0,2 16
352 0,2 16
353 0,2 16
354 0,2 16
355 0,2 16
356 0,2 16
357 0,2 16
358 0,2 16
359 0,2 16
360 0,2 16
361 0,2 16
362 0,2 16
363 0,2 16
364 0,2 16
365 0,2 16
366 0,2 16
367 0,2 16
368 0,2 16
369 0,2 16
370 0,2 16
371 0,2 16
372 0,2 16
373 0,2 16
374 0,2 16
375 0,2 16
376 0,2 16
377 0,2 16
378 0,2 16
379 0,2 16
380 0,2 16
381 0,2 16
382 0,2 16
383 0,2 16
384 0,2 16
385 0,2 16
386 0,2 16
387 0,2 16
388 0,2 16
389 0,2 16
390 0,2 16
391 0,2 16
392 0,2 16
393 0,2 16
394 0,2 16
395 0,2 16
396 0,2 16
397 0,2 16
398 0,2 16
399 0,2 16
400 0,2 16
401 0,2 16
402 0,2 16
403 0,2 16
404 0,2 16
405 0,2 16
406 0,2 16
407 0,2 16
408 0,2 16
409 0,2 16
410 0,2 16
411 0,2 16
412 0,2 16
413 0,2 16
414 0,2 16
415 0,2 16
416 0,2 16
417 0,2 16
418 0,2 16
419 0,2 16
420 0,2 16
421 0,2 16
422 0,2 16
423 0,2 16
424 0,2 16
425 0,2 16
426 0,2 16
427 0,2 16
428 0,2 16
429 0,2 16
430 0,2 16
431 0,2 16
432 0,2 16
433 0,2 16
434 0,2 16
435 0,2 16
436 0,2 16
437 0,2 16
438 0,2 16
439 0,2 16
440 0,2 16
441 0,2 16
442 0,2 16
443 0,2 16
444 0,2 16
445 0,2 16
446 0,2 16
447 0,2 16
448 0,2 16
449 0,2 16
450 0,2 16
451 0,2 16
452 0,2 16
453 0,2 16
454 0,2 16
455 0,2 16
456 0,2 16
457 0,2 16
458 0,2 16
459 0,2 16
460 0,2 16
461 0,2 16
462 0,2 16
463 0,2 16
464 0,2 16
465 0,2 16
466 0,2 16
467 0,2 16
468 0,2 16
469 0,2 16
470 0,2 16
471 0,2 16
472 0,2 16
473 0,2 16
474 0,2 16
475 0,2 16
476 0,2 16
477 0,2 16
478 0,2 16
479 0,2 16
480 0,2 16
481 0,2 16
482 0,2 16
483 0,2 16
484 0,2 16
485 0,2 16
486 0,2 16
487 0,2 16
488 0,2 16
489 0,2 16
490 0,2 16
491 0,2 16
492 0,2 16
493 0,2 16
494 0,2 16
495 0,2 16
496 0,2 16
497 0,2 16
498 0,2 16
499 0,2 16
500 0,2 16
501 0,2 16
502 0,2 16
503 0,2 16
504 0,2 16
505 0,2 16
506 0,2 16
507 0,2 16
508 0,2 16
509 0,2 16
510 0,2 16
511 0,2 16
512 0,2 16
513 0,2 16
514 0,2 16
515 0,2 16
516 0,2 16
517 0,2 16
518 0,2 16
519 0,2 16
520 0,2 16
521 0,2 16
522 0,2 16
523 0,2 16
524 0,2 16
525 0,2 16
526 0,2 16
527 0,2 16
528 0,2 16
529 0,2 16
530 0,2 16
531 0,2 16
532 0,2 16
533 0,2 16
534 0,2 16
535 0,2 16
536 0,2 16
537 0,2 16
538 0,2 16
539 0,2 16
540 0,2 16
541 0,2 16
542 0,2 16
543 0,2 16
544 0,2 16
545 0,2 16
546 0,2 16
547 0,2 16
548 0,2 16
549 0,2 16
550 0,2 16
551 0,2 16
552 0,2 16
553 0,2 16
554 0,2 16
555 0,2 16
556 0,2 16
557 0,2 16
558 0,2 16
559 0,2 16
560 0,2 16
561 0,2 16
562 0,2 16
563 0,2 16
564 0,2 16
565 0,2 16
566 0,2 16
567 0,2 16
568 0,2 16
569 0,2 16
570 0,2 16
571 0,2 16
572 0,2 16
573 0,2 16
574 0,2 16
575 0,2 16
576 0,2 16
577 0,2 16
578 0,2 16
579 0,2 16
580 0,2 16
581 0,2 16
582 0,2 16
583 0,2 16
584 0,2 16
585 0,2 16
586 0,2 16
587 0,2 16
588 0,2 16
589 0,2 16
590 0,2 16
591 0,2 16
592 0,2 16
593 0,2 16
594 0,2 16
595 0,2 16
596 0,2 16
597 0,2 16
598 0,2 16
599 0,2 16
0 0,3 326
1 0,3 338
2 0,3 294
3 0,3 289
4 0,3 260
5 0,3 234
6 0,3 239
7 0,3 215
8 0,3 238
9 0,3 199
10 0,3 194
11 0,3 199
12 0,3 195
13 0,3 179
14 0,3 178
15 0,3 153
16 0,3 157
17 0,3 146
18 0,3 143
19 0,3 143
20 0,3 136
21 0,3 154
22 0,3 125
23 0,3 130
24 0,3 138
25 0,3 139
26 0,3 133
27 0,3 134
28 0,3 121
29 0,3 127
30 0,3 115
31 0,3 132
32 0,3 134
33 0,3 124
34 0,3 153
35 0,3 146
36 0,3 160
37 0,3 163
38 0,3 169
39 0,3 175
40 0,3 162
41 0,3 165
42 0,3 175
43 0,3 153
44 0,3 157
45 0,3 153
46 0,3 146
47 0,3 153
48 0,3 142
49 0,3 146
50 0,3 162
51 0,3 171
52 0,3 171
53 0,3 166
54 0,3 162
55 0,3 162
56 0,3 149
57 0,3 160
58 0,3 153
59 0,3 163
60 0,3 161
61 0,3 188
62 0,3 185
63 0,3 183
64 0,3 186
65 0,3 195
66 0,3 198
67 0,3 188
68 0,3 202
69 0,3 169
70 0,3 190
71 0,3 189
72 0,3 176
73 0,3 174
74 0,3 160
75 0,3 163
76 0,3 189
77 0,3 189
78 0,3 193
79 0,3 184
80 0,3 187
81 0,3 197
82 0,3 200
83 0,3 182
84 0,3 174
85 0,3 161
86 0,3 166
87 0,3 167
88 0,3 171
89 0,3 180
90 0,3 148
91 0,3 140
92 0,3 119
93 0,3 117
94 0,3 108
95 0,3 117
96 0,3 126
97 0,3 133
98 0,3 127
99 0,3 145
100 0,3 132
101 0,3 145
102 0,3 159
103 0,3 169
104 0,3 180
105 0,3 175
106 0,3 171
107 0,3 170
108 0,3 167
109 0,3 165
110 0,3 167
111 0,3 144
112 0,3 165
113 0,3 141
114 0,3 140
115 0,3 137
116 0,3 150
117 0,3 147
118 0,3 155
119 0,3 144
120 0,3 142
121 0,3 157
122 0,3 150
123 0,3 150
124 0,3 149
125 0,3 160
126 0,3 152
127 0,3 156
128 0,3 163
129 0,3 169
130 0,3 144
131 0,3 165
132 0,3 156
133 0,3 164
134 0,3 187
135 0,3 180
136 0,3 193
137 0,3 196
138 0,3 187
139 0,3 161
140 0,3 161
141 0,3 154
142 0,3 155
143 0,3 173
144 0,3 159
145 0,3 149
146 0,3 134
147 0,3 123
148 0,3 117
149 0,3 113
150 0,3 110
151 0,3 123
152 0,3 135
153 0,3 146
154 0,3 107
155 0,3 120
156 0,3 130
157 0,3 123
158 0,3 144
159 0,3 124
160 0,3 136
161 0,3 133
162 0,3 141
163 0,3 131
164 0,3 146
165 0,3 138
166 0,3 146
167 0,3 137
168 0,3 135
169 0,3 139
170 0,3 130
171 0,3 138
172 0,3 145
173 0,3 164
174 0,3 162
175 0,3 195
176 0,3 159
177 0,3 145
178 0,3 150
179 0,3 139
180 0,3 146
181 0,3 155
182 0,3 159
183 0,3 158
184 0,3 161
185 0,3 152
186 0,3 175
187 0,3 167
188 0,3 189
189 0,3 166
190 0,3 168
191 0,3 175
192 0,3 155
193 0,3 179
194 0,3 187
195 0,3 180
196 0,3 197
197 0,3 187
198 0,3 189
199 0,3 183
200 0,3 188
201 0,3 193
202 0,3 191
203 0,3 194
204 0,3 169
205 0,3 160
206 0,3 165
207 0,3 174
208 0,3 189
209 0,3 169
210 0,3 165
211 0,3 152
212 0,3 138
213 0,3 139
214 0,3 172
215 0,3 145
216 0,3 164
217 0,3 169
218 0,3 147
219 0,3 137
220 0,3 114
221 0,3 124
222 0,3 137
223 0,3 124
224 0,3 128
225 0,3 139
226 0,3 148
227 0,3 118
228 0,3 119
229 0,3 106
230 0,3 115
231 0,3 118
232 0,3 110
233 0,3 112
234 0,3 109
235 0,3 117
236 0,3 113
237 0,3 136
238 0,3 113
239 0,3 148
240 0,3 112
241 0,3 152
242 0,3 101
243 0,3 96
244 0,3 98
245 0,3 107
246 0,3 111
247 0,3 104
248 0,3 115
249 0,3 116
250 0,3 116
251 0,3 120
252 0,3 141
253 0,3 119
254 0,3 109
255 0,3 101
256 0,3 121
257 0,3 98
258 0,3 102
259 0,3 89
260 0,3 88
261 0,3 86
262 0,3 79
263 0,3 85
264 0,3 93
265 0,3 85
266 0,3 101
267 0,3 94
268 0,3 97
269 0,3 109
270 0,3 100
271 0,3 98
272 0,3 104
273 0,3 90
274 0,3 95
275 0,3 87
276 0,3 92
277 0,3 99
278 0,3 103
279 0,3 105
280 0,3 98
281 0,3 100
282 0,3 114
283 0,3 108
284 0,3 115
285 0,3 127
286 0,3 121
287 0,3 120
288 0,3 114
289 0,3 125
290 0,3 126
291 0,3 138
292 0,3 116
293 0,3 115
294 0,3 115
295 0,3 107
296 0,3 114
297 0,3 104
298 0,3 99
299 0,3 105
300 0,3 100
301 0,3 109
302 0,3 107
303 0,3 105
304 0,3 105
305 0,3 107
306 0,3 99
307 0,3 102
308 0,3 96
309 0,3 93
310 0,3 85
311 0,3 87
312 0,3 95
313 0,3 87
314 0,3 93
315 0,3 89
316 0,3 102
317 0,3 99
318 0,3 98
319 0,3 110
320 0,3 94
321 0,3 101
322 0,3 85
323 0,3 88
324 0,3 82
325 0,3 78
326 0,3 81
327 0,3 80
328 0,3 83
329 0,3 89
330 0,3 95
331 0,3 96
332 0,3 88
333 0,3 84
334 0,3 81
335 0,3 78
336 0,3 74
337 0,3 81
338 0,3 72
339 0,3 75
340 0,3 76
341 0,3 88
342 0,3 82
343 0,3 92
344 0,3 92
345 0,3 95
346 0,3 103
347 0,3 111
348 0,3 115
349 0,3 101
350 0,3 102
351 0,3 97
352 0,3 96
353 0,3 87
354 0,3 94
355 0,3 81
356 0,3 79
357 0,3 92
358 0,3 89
359 0,3 90
360 0,3 89
361 0,3 96
362 0,3 88
363 0,3 84
364 0,3 88
365 0,3 84
366 0,3 83
367 0,3 84
368 0,3 95
369 0,3 94
370 0,3 94
371 0,3 93
372 0,3 94
373 0,3 97
374 0,3 94
375 0,3 104
376 0,3 100
377 0,3 110
378 0,3 99
379 0,3 91
380 0,3 91
381 0,3 76
382 0,3 76
383 0,3 72
384 0,3 74
385 0,3 70
386 0,3 81
387 0,3 73
388 0,3 83
389 0,3 78
390 0,3 84
391 0,3 84
392 0,3 96
393 0,3 88
394 0,3 96
395 0,3 93
396 0,3 93
397 0,3 104
398 0,3 99
399 0,3 106
400 0,3 93
401 0,3 83
402 0,3 86
403 0,3 80
404 0,3 83
405 0,3 85
406 0,3 94
407 0,3 87
408 0,3 79
409 0,3 97
410 0,3 82
411 0,3 84
412 0,3 90
413 0,3 93
414 0,3 103
415 0,3 83
416 0,3 83
417 0,3 91
418 0,3 85
419 0,3 86
420 0,3 82
421 0,3 85
422 0,3 84
423 0,3 78
424 0,3 76
425 0,3 83
426 0,3 82
427 0,3 91
428 0,3 89
429 0,3 106
430 0,3 95
431 0,3 114
432 0,3 109
433 0,3 103
434 0,3 91
435 0,3 93
436 0,3 92
437 0,3 100
438 0,3 102
439 0,3 105
440 0,3 112
441 0,3 120
442 0,3 116
443 0,3 104
444 0,3 97
445 0,3 114
446 0,3 100
447 0,3 89
448 0,3 90
449 0,3 97
450 0,3 92
451 0,3 109
452 0,3 93
453 0,3 87
454 0,3 94
455 0,3 90
456 0,3 96
457 0,3 90
458 0,3 103
459 0,3 95
460 0,3 109
461 0,3 105
462 0,3 121
463 0,3 117
464 0,3 122
465 0,3 119
466 0,3 118
467 0,3 105
468 0,3 108
469 0,3 100
470 0,3 106
471 0,3 94
472 0,3 108
473 0,3 100
474 0,3 113
475 0,3 122
476 0,3 122
477 0,3 118
478 0,3 102
479 0,3 101
480 0,3 94
481 0,3 110
482 0,3 104
483 0,3 106
484 0,3 115
485 0,3 107
486 0,3 122
487 0,3 104
488 0,3 103
489 0,3 110
490 0,3 112
491 0,3 116
492 0,3 106
493 0,3 124
494 0,3 105
495 0,3 95
496 0,3 99
497 0,3 95
498 0,3 90
499 0,3 94
500 0,3 87
501 0,3 98
502 0,3 88
503 0,3 88
504 0,3 76
505 0,3 82
506 0,3 73
507 0,3 79
508 0,3 76
509 0,3 89
510 0,3 72
511 0,3 87
512 0,3 82
513 0,3 103
514 0,3 89
515 0,3 93
516 0,3 97
517 0,3 99
518 0,3 106
519 0,3 101
520 0,3 101
521 0,3 90
522 0,3 109
523 0,3 108
524 0,3 113
525 0,3 112
526 0,3 119
527 0,3 117
528 0,3 98
529 0,3 90
530 0,3 85
531 0,3 89
532 0,3 76
533 0,3 75
534 0,3 72
535 0,3 75
536 0,3 68
537 0,3 65
538 0,3 63
539 0,3 62
540 0,3 63
541 0,3 67
542 0,3 64
543 0,3 63
544 0,3 66
545 0,3 67
546 0,3 63
547 0,3 65
548 0,3 62
549 0,3 68
550 0,3 58
551 0,3 57
552 0,3 56
553 0,3 59
554 0,3 62
555 0,3 68
556 0,3 70
557 0,3 75
558 0,3 84
559 0,3 74
560 0,3 81
561 0,3 76
562 0,3 73
563 0,3 73
564 0,3 74
565 0,3 72
566 0,3 72
567 0,3 80
568 0,3 79
569 0,3 78
570 0,3 89
571 0,3 79
572 0,3 92
573 0,3 73
574 0,3 71
575 0,3 70
576 0,3 74
577 0,3 77
578 0,3 82
579 0,3 79
580 0,3 86
581 0,3 78
582 0,3 75
583 0,3 84
584 0,3 88
585 0,3 90
586 0,3 109
587 0,3 86
588 0,3 83
589 0,3 73
590 0,3 73
591 0,3 70
592 0,3 67
593 0,3 65
594 0,3 65
595 0,3 65
596 0,3 65
597 0,3 65
598 0,3 65
599 0,3 65
0 0,4 373
1 0,4 389
2 0,4 331
3 0,4 299
4 0,4 307
5 0,4 314
6 0,4 327
7 0,4 287
8 0,4 285
9 0,4 254
10 0,4 292
11 0,4 221
12 0,4 229
13 0,4 186
14 0,4 185
15 0,4 208
16 0,4 203
17 0,4 190
18 0,4 197
19 0,4 186
20 0,4 167
21 0,4 168
22 0,4 146
23 0,4 146
24 0,4 150
25 0,4 121
26 0,4 129
27 0,4 120
28 0,4 122
29 0,4 104
30 0,4 94
31 0,4 87
32 0,4 86
33 0,4 88
34 0,4 76
35 0,4 81
36 0,4 76
37 0,4 80
38 0,4 75
39 0,4 84
40 0,4 69
41 0,4 72
42 0,4 66
43 0,4 68
44 0,4 63
45 0,4 63
46 0,4 61
47 0,4 54
48 0,4 61
49 0,4 64
50 0,4 68
51 0,4 70
52 0,4 73
53 0,4 87
54 0,4 83
55 0,4 94
56 0,4 88
57 0,4 92
58 0,4 84
59 0,4 86
60 0,4 78
61 0,4 63
62 0,4 67
63 0,4 53
64 0,4 59
65 0,4 51
66 0,4 61
67 0,4 51
68 0,4 60
69 0,4 45
70 0,4 45
71 0,4 43
72 0,4 44
73 0,4 43
74 0,4 43
75 0,4 42
76 0,4 42
77 0,4 47
78 0,4 48
79 0,4 45
80 0,4 51
81 0,4 45
82 0,4 52
83 0,4 58
84 0,4 65
85 0,4 62
86 0,4 57
87 0,4 56
88 0,4 48
89 0,4 47
90 0,4 47
91 0,4 47
92 0,4 51
93 0,4 56
94 0,4 52
95 0,4 64
96 0,4 46
97 0,4 50
98 0,4 52
99 0,4 51
100 0,4 54
101 0,4 48
102 0,4 45
103 0,4 42
104 0,4 45
105 0,4 45
106 0,4 41
107 0,4 45
108 0,4 43
109 0,4 52
110 0,4 48
111 0,4 49
112 0,4 56
113 0,4 51
114 0,4 60
115 0,4 53
116 0,4 57
117 0,4 59
118 0,4 49
119 0,4 47
120 0,4 52
121 0,4 52
122 0,4 51
123 0,4 47
124 0,4 51
125 0,4 51
126 0,4 54
127 0,4 51
128 0,4 55
129 0,4 66
130 0,4 59
131 0,4 70
132 0,4 58
133 0,4 64
134 0,4 70
135 0,4 72
136 0,4 74
137 0,4 76
138 0,4 95
139 0,4 71
140 0,4 70
141 0,4 75
142 0,4 70
143 0,4 64
144 0,4 66
145 0,4 63
146 0,4 73
147 0,4 53
148 0,4 56
149 0,4 52
150 0,4 60
151 0,4 51
152 0,4 53
153 0,4 59
154 0,4 42
155 0,4 44
156 0,4 38
157 0,4 36
158 0,4 35
159 0,4 28
160 0,4 24
161 0,4 24
162 0,4 24
163 0,4 24
164 0,4 24
165 0,4 24
166 0,4 24
167 0,4 24
168 0,4 24
169 0,4 24
170 0,4 24
171 0,4 24
172 0,4 24
173 0,4 24
174 0,4 24
175 0,4 24
176 0,4 24
177 0,4 24
178 0,4 24
179 0,4 24
180 0,4 24
181 0,4 24
182 0,4 24
183 0,4 24
184 0,4 24
185 0,4 24
186 0,4 24
187 0,4 24
188 0,4 24
189 0,4 24
190 0,4 24
191 0,4 24
192 0,4 24
193 0,4 24
194 0,4 24
195 0,4 24
196 0,4 24
197 0,4 24
198 0,4 24
199 0,4 24
200 0,4 24
201 0,4 24
202 0,4 24
203 0,4 24
204 0,4 24
205 0,4 24
206 0,4 24
207 0,4 24
208 0,4 24
209 0,4 24
210 0,4 24
211 0,4 24
212 0,4 24
213 0,4 24
214 0,4 24
215 0,4 24
216 0,4 24
217 0,4 24
218 0,4 24
219 0,4 24
220 0,4 24
221 0,4 24
222 0,4 24
223 0,4 24
224 0,4 24
225 0,4 24
226 0,4 24
227 0,4 24
228 0,4 24
229 0,4 24
230 0,4 24
231 0,4 24
232 0,4 24
233 0,4 24
234 0,4 24
235 0,4 24
236 0,4 24
237 0,4 24
238 0,4 24
239 0,4 24
240 0,4 24
241 0,4 24
242 0,4 24
243 0,4 24
244 0,4 24
245 0,4 24
246 0,4 24
247 0,4 24
248 0,4 24
249 0,4 24
250 0,4 24
251 0,4 24
252 0,4 24
253 0,4 24
254 0,4 24
255 0,4 24
256 0,4 24
257 0,4 24
258 0,4 24
259 0,4 24
260 0,4 24
261 0,4 24
262 0,4 24
263 0,4 24
264 0,4 24
265 0,4 24
266 0,4 24
267 0,4 24
268 0,4 24
269 0,4 24
270 0,4 24
271 0,4 24
272 0,4 24
273 0,4 24
274 0,4 24
275 0,4 24
276 0,4 24
277 0,4 24
278 0,4 24
279 0,4 24
280 0,4 24
281 0,4 24
282 0,4 24
283 0,4 24
284 0,4 24
285 0,4 24
286 0,4 24
287 0,4 24
288 0,4 24
289 0,4 24
290 0,4 24
291 0,4 24
292 0,4 24
293 0,4 24
294 0,4 24
295 0,4 24
296 0,4 24
297 0,4 24
298 0,4 24
299 0,4 24
300 0,4 24
301 0,4 24
302 0,4 24
303 0,4 24
304 0,4 24
305 0,4 24
306 0,4 24
307 0,4 24
308 0,4 24
309 0,4 24
310 0,4 24
311 0,4 24
312 0,4 24
313 0,4 24
314 0,4 24
315 0,4 24
316 0,4 24
317 0,4 24
318 0,4 24
319 0,4 24
320 0,4 24
321 0,4 24
322 0,4 24
323 0,4 24
324 0,4 24
325 0,4 24
326 0,4 24
327 0,4 24
328 0,4 24
329 0,4 24
330 0,4 24
331 0,4 24
332 0,4 24
333 0,4 24
334 0,4 24
335 0,4 24
336 0,4 24
337 0,4 24
338 0,4 24
339 0,4 24
340 0,4 24
341 0,4 24
342 0,4 24
343 0,4 24
344 0,4 24
345 0,4 24
346 0,4 24
347 0,4 24
348 0,4 24
349 0,4 24
350 0,4 24
351 0,4 24
352 0,4 24
353 0,4 24
354 0,4 24
355 0,4 24
356 0,4 24
357 0,4 24
358 0,4 24
359 0,4 24
360 0,4 24
361 0,4 24
362 0,4 24
363 0,4 24
364 0,4 24
365 0,4 24
366 0,4 24
367 0,4 24
368 0,4 24
369 0,4 24
370 0,4 24
371 0,4 24
372 0,4 24
373 0,4 24
374 0,4 24
375 0,4 24
376 0,4 24
377 0,4 24
378 0,4 24
379 0,4 24
380 0,4 24
381 0,4 24
382 0,4 24
383 0,4 24
384 0,4 24
385 0,4 24
386 0,4 24
387 0,4 24
388 0,4 24
389 0,4 24
390 0,4 24
391 0,4 24
392 0,4 24
393 0,4 24
394 0,4 24
395 0,4 24
396 0,4 24
397 0,4 24
398 0,4 24
399 0,4 24
400 0,4 24
401 0,4 24
402 0,4 24
403 0,4 24
404 0,4 24
405 0,4 24
406 0,4 24
407 0,4 24
408 0,4 24
409 0,4 24
410 0,4 24
411 0,4 24
412 0,4 24
413 0,4 24
414 0,4 24
415 0,4 24
416 0,4 24
417 0,4 24
418 0,4 24
419 0,4 24
420 0,4 24
421 0,4 24
422 0,4 24
423 0,4 24
424 0,4 24
425 0,4 24
426 0,4 24
427 0,4 24
428 0,4 24
429 0,4 24
430 0,4 24
431 0,4 24
432 0,4 24
433 0,4 24
434 0,4 24
435 0,4 24
436 0,4 24
437 0,4 24
438 0,4 24
439 0,4 24
440 0,4 24
441 0,4 24
442 0,4 24
443 0,4 24
444 0,4 24
445 0,4 24
446 0,4 24
447 0,4 24
448 0,4 24
449 0,4 24
450 0,4 24
451 0,4 24
452 0,4 24
453 0,4 24
454 0,4 24
455 0,4 24
456 0,4 24
457 0,4 24
458 0,4 24
459 0,4 24
460 0,4 24
461 0,4 24
462 0,4 24
463 0,4 24
464 0,4 24
465 0,4 24
466 0,4 24
467 0,4 24
468 0,4 24
469 0,4 24
470 0,4 24
471 0,4 24
472 0,4 24
473 0,4 24
474 0,4 24
475 0,4 24
476 0,4 24
477 0,4 24
478 0,4 24
479 0,4 24
480 0,4 24
481 0,4 24
482 0,4 24
483 0,4 24
484 0,4 24
485 0,4 24
486 0,4 24
487 0,4 24
488 0,4 24
489 0,4 24
490 0,4 24
491 0,4 24
492 0,4 24
493 0,4 24
494 0,4 24
495 0,4 24
496 0,4 24
497 0,4 24
498 0,4 24
499 0,4 24
500 0,4 24
501 0,4 24
502 0,4 24
503 0,4 24
504 0,4 24
505 0,4 24
506 0,4 24
507 0,4 24
508 0,4 24
509 0,4 24
510 0,4 24
511 0,4 24
512 0,4 24
513 0,4 24
514 0,4 24
515 0,4 24
516 0,4 24
517 0,4 24
518 0,4 24
519 0,4 24
520 0,4 24
521 0,4 24
522 0,4 24
523 0,4 24
524 0,4 24
525 0,4 24
526 0,4 24
527 0,4 24
528 0,4 24
529 0,4 24
530 0,4 24
531 0,4 24
532 0,4 24
533 0,4 24
534 0,4 24
535 0,4 24
536 0,4 24
537 0,4 24
538 0,4 24
539 0,4 24
540 0,4 24
541 0,4 24
542 0,4 24
543 0,4 24
544 0,4 24
545 0,4 24
546 0,4 24
547 0,4 24
548 0,4 24
549 0,4 24
550 0,4 24
551 0,4 24
552 0,4 24
553 0,4 24
554 0,4 24
555 0,4 24
556 0,4 24
557 0,4 24
558 0,4 24
559 0,4 24
560 0,4 24
561 0,4 24
562 0,4 24
563 0,4 24
564 0,4 24
565 0,4 24
566 0,4 24
567 0,4 24
568 0,4 24
569 0,4 24
570 0,4 24
571 0,4 24
572 0,4 24
573 0,4 24
574 0,4 24
575 0,4 24
576 0,4 24
577 0,4 24
578 0,4 24
579 0,4 24
580 0,4 24
581 0,4 24
582 0,4 24
583 0,4 24
584 0,4 24
585 0,4 24
586 0,4 24
587 0,4 24
588 0,4 24
589 0,4 24
590 0,4 24
591 0,4 24
592 0,4 24
593 0,4 24
594 0,4 24
595 0,4 24
596 0,4 24
597 0,4 24
598 0,4 24
599 0,4 24
0 0,5 487
1 0,5 274
2 0,5 224
3 0,5 234
4 0,5 174
5 0,5 159
6 0,5 156
7 0,5 141
8 0,5 144
9 0,5 155
10 0,5 149
11 0,5 142
12 0,5 146
13 0,5 113
14 0,5 121
15 0,5 106
16 0,5 117
17 0,5 108
18 0,5 130
19 0,5 95
20 0,5 80
21 0,5 77
22 0,5 70
23 0,5 63
24 0,5 65
25 0,5 66
26 0,5 74
27 0,5 72
28 0,5 69
29 0,5 72
30 0,5 72
31 0,5 69
32 0,5 69
33 0,5 66
34 0,5 67
35 0,5 66
36 0,5 70
37 0,5 69
38 0,5 59
39 0,5 68
40 0,5 61
41 0,5 62
42 0,5 63
43 0,5 67
44 0,5 73
45 0,5 75
46 0,5 81
47 0,5 73
48 0,5 78
49 0,5 86
50 0,5 94
51 0,5 96
52 0,5 117
53 0,5 99
54 0,5 99
55 0,5 101
56 0,5 93
57 0,5 99
58 0,5 98
59 0,5 109
60 0,5 97
61 0,5 102
62 0,5 92
63 0,5 96
64 0,5 89
65 0,5 93
66 0,5 101
67 0,5 101
68 0,5 105
69 0,5 97
70 0,5 98
71 0,5 74
72 0,5 82
73 0,5 90
74 0,5 91
75 0,5 107
76 0,5 94
77 0,5 127
78 0,5 86
79 0,5 112
80 0,5 96
81 0,5 94
82 0,5 93
83 0,5 85
84 0,5 82
85 0,5 84
86 0,5 90
87 0,5 76
88 0,5 87
89 0,5 75
90 0,5 88
91 0,5 88
92 0,5 75
93 0,5 77
94 0,5 75
95 0,5 73
96 0,5 94
97 0,5 77
98 0,5 78
99 0,5 67
100 0,5 75
101 0,5 72
102 0,5 74
103 0,5 60
104 0,5 61
105 0,5 56
106 0,5 57
107 0,5 62
108 0,5 59
109 0,5 63
110 0,5 72
111 0,5 66
112 0,5 84
113 0,5 64
114 0,5 74
115 0,5 67
116 0,5 71
117 0,5 85
118 0,5 64
119 0,5 65
120 0,5 60
121 0,5 51
122 0,5 50
123 0,5 39
124 0,5 34
125 0,5 39
126 0,5 32
127 0,5 29
128 0,5 29
129 0,5 29
130 0,5 29
131 0,5 29
132 0,5 29
133 0,5 29
134 0,5 29
135 0,5 29
136 0,5 29
137 0,5 29
138 0,5 29
139 0,5 29
140 0,5 29
141 0,5 29
142 0,5 29
143 0,5 29
144 0,5 29
145 0,5 29
146 0,5 29
147 0,5 29
148 0,5 29
149 0,5 29
150 0,5 29
151 0,5 29
152 0,5 29
153 0,5 29
154 0,5 29
155 0,5 29
156 0,5 29
157 0,5 29
158 0,5 29
159 0,5 29
160 0,5 29
161 0,5 29
162 0,5 29
163 0,5 29
164 0,5 29
165 0,5 29
166 0,5 29
167 0,5 29
168 0,5 29
169 0,5 29
170 0,5 29
171 0,5 29
172 0,5 29
173 0,5 29
174 0,5 29
175 0,5 29
176 0,5 29
177 0,5 29
178 0,5 29
179 0,5 29
180 0,5 29
181 0,5 29
182 0,5 29
183 0,5 29
184 0,5 29
185 0,5 29
186 0,5 29
187 0,5 29
188 0,5 29
189 0,5 29
190 0,5 29
191 0,5 29
192 0,5 29
193 0,5 29
194 0,5 29
195 0,5 29
196 0,5 29
197 0,5 29
198 0,5 29
199 0,5 29
200 0,5 29
201 0,5 29
202 0,5 29
203 0,5 29
204 0,5 29
205 0,5 29
206 0,5 29
207 0,5 29
208 0,5 29
209 0,5 29
210 0,5 29
211 0,5 29
212 0,5 29
213 0,5 29
214 0,5 29
215 0,5 29
216 0,5 29
217 0,5 29
218 0,5 29
219 0,5 29
220 0,5 29
221 0,5 29
222 0,5 29
223 0,5 29
224 0,5 29
225 0,5 29
226 0,5 29
227 0,5 29
228 0,5 29
229 0,5 29
230 0,5 29
231 0,5 29
232 0,5 29
233 0,5 29
234 0,5 29
235 0,5 29
236 0,5 29
237 0,5 29
238 0,5 29
239 0,5 29
240 0,5 29
241 0,5 29
242 0,5 29
243 0,5 29
244 0,5 29
245 0,5 29
246 0,5 29
247 0,5 29
248 0,5 29
249 0,5 29
250 0,5 29
251 0,5 29
252 0,5 29
253 0,5 29
254 0,5 29
255 0,5 29
256 0,5 29
257 0,5 29
258 0,5 29
259 0,5 29
260 0,5 29
261 0,5 29
262 0,5 29
263 0,5 29
264 0,5 29
265 0,5 29
266 0,5 29
267 0,5 29
268 0,5 29
269 0,5 29
270 0,5 29
271 0,5 29
272 0,5 29
273 0,5 29
274 0,5 29
275 0,5 29
276 0,5 29
277 0,5 29
278 0,5 29
279 0,5 29
280 0,5 29
281 0,5 29
282 0,5 29
283 0,5 29
284 0,5 29
285 0,5 29
286 0,5 29
287 0,5 29
288 0,5 29
289 0,5 29
290 0,5 29
291 0,5 29
292 0,5 29
293 0,5 29
294 0,5 29
295 0,5 29
296 0,5 29
297 0,5 29
298 0,5 29
299 0,5 29
300 0,5 29
301 0,5 29
302 0,5 29
303 0,5 29
304 0,5 29
305 0,5 29
306 0,5 29
307 0,5 29
308 0,5 29
309 0,5 29
310 0,5 29
311 0,5 29
312 0,5 29
313 0,5 29
314 0,5 29
315 0,5 29
316 0,5 29
317 0,5 29
318 0,5 29
319 0,5 29
320 0,5 29
321 0,5 29
322 0,5 29
323 0,5 29
324 0,5 29
325 0,5 29
326 0,5 29
327 0,5 29
328 0,5 29
329 0,5 29
330 0,5 29
331 0,5 29
332 0,5 29
333 0,5 29
334 0,5 29
335 0,5 29
336 0,5 29
337 0,5 29
338 0,5 29
339 0,5 29
340 0,5 29
341 0,5 29
342 0,5 29
343 0,5 29
344 0,5 29
345 0,5 29
346 0,5 29
347 0,5 29
348 0,5 29
349 0,5 29
350 0,5 29
351 0,5 29
352 0,5 29
353 0,5 29
354 0,5 29
355 0,5 29
356 0,5 29
357 0,5 29
358 0,5 29
359 0,5 29
360 0,5 29
361 0,5 29
362 0,5 29
363 0,5 29
364 0,5 29
365 0,5 29
366 0,5 29
367 0,5 29
368 0,5 29
369 0,5 29
370 0,5 29
371 0,5 29
372 0,5 29
373 0,5 29
374 0,5 29
375 0,5 29
376 0,5 29
377 0,5 29
378 0,5 29
379 0,5 29
380 0,5 29
381 0,5 29
382 0,5 29
383 0,5 29
384 0,5 29
385 0,5 29
386 0,5 29
387 0,5 29
388 0,5 29
389 0,5 29
390 0,5 29
391 0,5 29
392 0,5 29
393 0,5 29
394 0,5 29
395 0,5 29
396 0,5 29
397 0,5 29
398 0,5 29
399 0,5 29
400 0,5 29
401 0,5 29
402 0,5 29
403 0,5 29
404 0,5 29
405 0,5 29
406 0,5 29
407 0,5 29
408 0,5 29
409 0,5 29
410 0,5 29
411 0,5 29
412 0,5 29
413 0,5 29
414 0,5 29
415 0,5 29
416 0,5 29
417 0,5 29
418 0,5 29
419 0,5 29
420 0,5 29
421 0,5 29
422 0,5 29
423 0,5 29
424 0,5 29
425 0,5 29
426 0,5 29
427 0,5 29
428 0,5 29
429 0,5 29
430 0,5 29
431 0,5 29
432 0,5 29
433 0,5 29
434 0,5 29
435 0,5 29
436 0,5 29
437 0,5 29
438 0,5 29
439 0,5 29
440 0,5 29
441 0,5 29
442 0,5 29
443 0,5 29
444 0,5 29
445 0,5 29
446 0,5 29
447 0,5 29
448 0,5 29
449 0,5 29
450 0,5 29
451 0,5 29
452 0,5 29
453 0,5 29
454 0,5 29
455 0,5 29
456 0,5 29
457 0,5 29
458 0,5 29
459 0,5 29
460 0,5 29
461 0,5 29
462 0,5 29
463 0,5 29
464 0,5 29
465 0,5 29
466 0,5 29
467 0,5 29
468 0,5 29
469 0,5 29
470 0,5 29
471 0,5 29
472 0,5 29
473 0,5 29
474 0,5 29
475 0,5 29
476 0,5 29
477 0,5 29
478 0,5 29
479 0,5 29
480 0,5 29
481 0,5 29
482 0,5 29
483 0,5 29
484 0,5 29
485 0,5 29
486 0,5 29
487 0,5 29
488 0,5 29
489 0,5 29
490 0,5 29
491 0,5 29
492 0,5 29
493 0,5 29
494 0,5 29
495 0,5 29
496 0,5 29
497 0,5 29
498 0,5 29
499 0,5 29
500 0,5 29
501 0,5 29
502 0,5 29
503 0,5 29
504 0,5 29
505 0,5 29
506 0,5 29
507 0,5 29
508 0,5 29
509 0,5 29
510 0,5 29
511 0,5 29
512 0,5 29
513 0,5 29
514 0,5 29
515 0,5 29
516 0,5 29
517 0,5 29
518 0,5 29
519 0,5 29
520 0,5 29
521 0,5 29
522 0,5 29
523 0,5 29
524 0,5 29
525 0,5 29
526 0,5 29
527 0,5 29
528 0,5 29
529 0,5 29
530 0,5 29
531 0,5 29
532 0,5 29
533 0,5 29
534 0,5 29
535 0,5 29
536 0,5 29
537 0,5 29
538 0,5 29
539 0,5 29
540 0,5 29
541 0,5 29
542 0,5 29
543 0,5 29
544 0,5 29
545 0,5 29
546 0,5 29
547 0,5 29
548 0,5 29
549 0,5 29
550 0,5 29
551 0,5 29
552 0,5 29
553 0,5 29
554 0,5 29
555 0,5 29
556 0,5 29
557 0,5 29
558 0,5 29
559 0,5 29
560 0,5 29
561 0,5 29
562 0,5 29
563 0,5 29
564 0,5 29
565 0,5 29
566 0,5 29
567 0,5 29
568 0,5 29
569 0,5 29
570 0,5 29
571 0,5 29
572 0,5 29
573 0,5 29
574 0,5 29
575 0,5 29
576 0,5 29
577 0,5 29
578 0,5 29
579 0,5 29
580 0,5 29
581 0,5 29
582 0,5 29
583 0,5 29
584 0,5 29
585 0,5 29
586 0,5 29
587 0,5 29
588 0,5 29
589 0,5 29
590 0,5 29
591 0,5 29
592 0,5 29
593 0,5 29
594 0,5 29
595 0,5 29
596 0,5 29
597 0,5 29
598 0,5 29
599 0,5 29
0 0,6 582
1 0,6 174
2 0,6 179
3 0,6 181
4 0,6 169
5 0,6 151
6 0,6 141
7 0,6 144
8 0,6 149
9 0,6 135
10 0,6 138
11 0,6 140
12 0,6 132
13 0,6 130
14 0,6 122
15 0,6 136
16 0,6 104
17 0,6 113
18 0,6 102
19 0,6 98
20 0,6 95
21 0,6 77
22 0,6 62
23 0,6 75
24 0,6 58
25 0,6 62
26 0,6 49
27 0,6 52
28 0,6 47
29 0,6 49
30 0,6 47
31 0,6 54
32 0,6 58
33 0,6 62
34 0,6 56
35 0,6 60
36 0,6 58
37 0,6 61
38 0,6 58
39 0,6 57
40 0,6 58
41 0,6 52
42 0,6 57
43 0,6 53
44 0,6 60
45 0,6 52
46 0,6 49
47 0,6 48
48 0,6 49
49 0,6 54
50 0,6 52
51 0,6 60
52 0,6 53
53 0,6 58
54 0,6 57
55 0,6 56
56 0,6 63
57 0,6 62
58 0,6 62
59 0,6 70
60 0,6 67
61 0,6 78
62 0,6 58
63 0,6 54
64 0,6 50
65 0,6 55
66 0,6 51
67 0,6 57
68 0,6 48
69 0,6 48
70 0,6 50
71 0,6 51
72 0,6 57
73 0,6 47
74 0,6 48
75 0,6 46
76 0,6 47
77 0,6 51
78 0,6 46
79 0,6 49
80 0,6 50
81 0,6 54
82 0,6 59
83 0,6 52
84 0,6 52
85 0,6 45
86 0,6 44
87 0,6 49
88 0,6 44
89 0,6 45
90 0,6 41
91 0,6 41
92 0,6 46
93 0,6 47
94 0,6 50
95 0,6 45
96 0,6 47
97 0,6 47
98 0,6 54
99 0,6 47
100 0,6 47
101 0,6 45
102 0,6 44
103 0,6 46
104 0,6 46
105 0,6 50
106 0,6 50
107 0,6 58
108 0,6 50
109 0,6 50
110 0,6 50
111 0,6 50
112 0,6 50
113 0,6 50
114 0,6 50
115 0,6 50
116 0,6 50
117 0,6 50
118 0,6 50
119 0,6 50
120 0,6 50
121 0,6 50
122 0,6 50
123 0,6 50
124 0,6 50
125 0,6 50
126 0,6 51
127 0,6 53
128 0,6 50
129 0,6 50
130 0,6 50
131 0,6 53
132 0,6 55
133 0,6 59
134 0,6 57
135 0,6 57
136 0,6 63
137 0,6 58
138 0,6 65
139 0,6 52
140 0,6 55
141 0,6 56
142 0,6 55
143 0,6 54
144 0,6 56
145 0,6 52
146 0,6 53
147 0,6 60
148 0,6 60
149 0,6 72
150 0,6 54
151 0,6 45
152 0,6 47
153 0,6 53
154 0,6 49
155 0,6 59
156 0,6 54
157 0,6 49
158 0,6 56
159 0,6 54
160 0,6 62
161 0,6 57
162 0,6 56
163 0,6 57
164 0,6 69
165 0,6 70
166 0,6 77
167 0,6 73
168 0,6 80
169 0,6 84
170 0,6 94
171 0,6 81
172 0,6 70
173 0,6 72
174 0,6 63
175 0,6 68
176 0,6 68
177 0,6 62
178 0,6 62
179 0,6 67
180 0,6 74
181 0,6 63
182 0,6 66
183 0,6 62
184 0,6 68
185 0,6 65
186 0,6 60
187 0,6 67
188 0,6 63
189 0,6 59
190 0,6 59
191 0,6 52
192 0,6 53
193 0,6 51
194 0,6 56
195 0,6 55
196 0,6 58
197 0,6 53
198 0,6 60
199 0,6 53
200 0,6 53
201 0,6 55
202 0,6 46
203 0,6 42
204 0,6 38
205 0,6 35
206 0,6 40
207 0,6 37
208 0,6 35
209 0,6 34
210 0,6 34
211 0,6 34
212 0,6 34
213 0,6 34
214 0,6 34
215 0,6 34
216 0,6 34
217 0,6 34
218 0,6 34
219 0,6 34
220 0,6 34
221 0,6 34
222 0,6 34
223 0,6 34
224 0,6 34
225 0,6 34
226 0,6 34
227 0,6 34
228 0,6 34
229 0,6 34
230 0,6 34
231 0,6 34
232 0,6 34
233 0,6 34
234 0,6 34
235 0,6 34
236 0,6 34
237 0,6 34
238 0,6 34
239 0,6 34
240 0,6 34
241 0,6 34
242 0,6 34
243 0,6 34
244 0,6 34
245 0,6 34
246 0,6 34
247 0,6 34
248 0,6 34
249 0,6 34
250 0,6 34
251 0,6 34
252 0,6 34
253 0,6 34
254 0,6 34
255 0,6 34
256 0,6 34
257 0,6 34
258 0,6 34
259 0,6 34
260 0,6 34
261 0,6 34
262 0,6 34
263 0,6 34
264 0,6 34
265 0,6 34
266 0,6 34
267 0,6 34
268 0,6 34
269 0,6 34
270 0,6 34
271 0,6 34
272 0,6 34
273 0,6 34
274 0,6 34
275 0,6 34
276 0,6 34
277 0,6 34
278 0,6 34
279 0,6 34
280 0,6 34
281 0,6 34
282 0,6 34
283 0,6 34
284 0,6 34
285 0,6 34
286 0,6 34
287 0,6 34
288 0,6 34
289 0,6 34
290 0,6 34
291 0,6 34
292 0,6 34
293 0,6 34
294 0,6 34
295 0,6 34
296 0,6 34
297 0,6 34
298 0,6 34
299 0,6 34
300 0,6 34
301 0,6 34
302 0,6 34
303 0,6 34
304 0,6 34
305 0,6 34
306 0,6 34
307 0,6 34
308 0,6 34
309 0,6 34
310 0,6 34
311 0,6 34
312 0,6 34
313 0,6 34
314 0,6 34
315 0,6 34
316 0,6 34
317 0,6 34
318 0,6 34
319 0,6 34
320 0,6 34
321 0,6 34
322 0,6 34
323 0,6 34
324 0,6 34
325 0,6 34
326 0,6 34
327 0,6 34
328 0,6 34
329 0,6 34
330 0,6 34
331 0,6 34
332 0,6 34
333 0,6 34
334 0,6 34
335 0,6 34
336 0,6 34
337 0,6 34
338 0,6 34
339 0,6 34
340 0,6 34
341 0,6 34
342 0,6 34
343 0,6 34
344 0,6 34
345 0,6 34
346 0,6 34
347 0,6 34
348 0,6 34
349 0,6 34
350 0,6 34
351 0,6 34
352 0,6 34
353 0,6 34
354 0,6 34
355 0,6 34
356 0,6 34
357 0,6 34
358 0,6 34
359 0,6 34
360 0,6 34
361 0,6 34
362 0,6 34
363 0,6 34
364 0,6 34
365 0,6 34
366 0,6 34
367 0,6 34
368 0,6 34
369 0,6 34
370 0,6 34
371 0,6 34
372 0,6 34
373 0,6 34
374 0,6 34
375 0,6 34
376 0,6 34
377 0,6 34
378 0,6 34
379 0,6 34
380 0,6 34
381 0,6 34
382 0,6 34
383 0,6 34
384 0,6 34
385 0,6 34
386 0,6 34
387 0,6 34
388 0,6 34
389 0,6 34
390 0,6 34
391 0,6 34
392 0,6 34
393 0,6 34
394 0,6 34
395 0,6 34
396 0,6 34
397 0,6 34
398 0,6 34
399 0,6 34
400 0,6 34
401 0,6 34
402 0,6 34
403 0,6 34
404 0,6 34
405 0,6 34
406 0,6 34
407 0,6 34
408 0,6 34
409 0,6 34
410 0,6 34
411 0,6 34
412 0,6 34
413 0,6 34
414 0,6 34
415 0,6 34
416 0,6 34
417 0,6 34
418 0,6 34
419 0,6 34
420 0,6 34
421 0,6 34
422 0,6 34
423 0,6 34
424 0,6 34
425 0,6 34
426 0,6 34
427 0,6 34
428 0,6 34
429 0,6 34
430 0,6 34
431 0,6 34
432 0,6 34
433 0,6 34
434 0,6 34
435 0,6 34
436 0,6 34
437 0,6 34
438 0,6 34
439 0,6 34
440 0,6 34
441 0,6 34
442 0,6 34
443 0,6 34
444 0,6 34
445 0,6 34
446 0,6 34
447 0,6 34
448 0,6 34
449 0,6 34
450 0,6 34
451 0,6 34
452 0,6 34
453 0,6 34
454 0,6 34
455 0,6 34
456 0,6 34
457 0,6 34
458 0,6 34
459 0,6 34
460 0,6 34
461 0,6 34
462 0,6 34
463 0,6 34
464 0,6 34
465 0,6 34
466 0,6 34
467 0,6 34
468 0,6 34
469 0,6 34
470 0,6 34
471 0,6 34
472 0,6 34
473 0,6 34
474 0,6 34
475 0,6 34
476 0,6 34
477 0,6 34
478 0,6 34
479 0,6 34
480 0,6 34
481 0,6 34
482 0,6 34
483 0,6 34
484 0,6 34
485 0,6 34
486 0,6 34
487 0,6 34
488 0,6 34
489 0,6 34
490 0,6 34
491 0,6 34
492 0,6 34
493 0,6 34
494 0,6 34
495 0,6 34
496 0,6 34
497 0,6 34
498 0,6 34
499 0,6 34
500 0,6 34
501 0,6 34
502 0,6 34
503 0,6 34
504 0,6 34
505 0,6 34
506 0,6 34
507 0,6 34
508 0,6 34
509 0,6 34
510 0,6 34
511 0,6 34
512 0,6 34
513 0,6 34
514 0,6 34
515 0,6 34
516 0,6 34
517 0,6 34
518 0,6 34
519 0,6 34
520 0,6 34
521 0,6 34
522 0,6 34
523 0,6 34
524 0,6 34
525 0,6 34
526 0,6 34
527 0,6 34
528 0,6 34
529 0,6 34
530 0,6 34
531 0,6 34
532 0,6 34
533 0,6 34
534 0,6 34
535 0,6 34
536 0,6 34
537 0,6 34
538 0,6 34
539 0,6 34
540 0,6 34
541 0,6 34
542 0,6 34
543 0,6 34
544 0,6 34
545 0,6 34
546 0,6 34
547 0,6 34
548 0,6 34
549 0,6 34
550 0,6 34
551 0,6 34
552 0,6 34
553 0,6 34
554 0,6 34
555 0,6 34
556 0,6 34
557 0,6 34
558 0,6 34
559 0,6 34
560 0,6 34
561 0,6 34
562 0,6 34
563 0,6 34
564 0,6 34
565 0,6 34
566 0,6 34
567 0,6 34
568 0,6 34
569 0,6 34
570 0,6 34
571 0,6 34
572 0,6 34
573 0,6 34
574 0,6 34
575 0,6 34
576 0,6 34
577 0,6 34
578 0,6 34
579 0,6 34
580 0,6 34
581 0,6 34
582 0,6 34
583 0,6 34
584 0,6 34
585 0,6 34
586 0,6 34
587 0,6 34
588 0,6 34
589 0,6 34
590 0,6 34
591 0,6 34
592 0,6 34
593 0,6 34
594 0,6 34
595 0,6 34
596 0,6 34
597 0,6 34
598 0,6 34
599 0,6 34
0 0,7 699
1 0,7 66
2 0,7 53
3 0,7 55
4 0,7 51
5 0,7 51
6 0,7 58
7 0,7 50
8 0,7 47
9 0,7 49
10 0,7 57
11 0,7 66
12 0,7 74
13 0,7 74
14 0,7 86
15 0,7 81
16 0,7 85
17 0,7 86
18 0,7 79
19 0,7 90
20 0,7 80
21 0,7 101
22 0,7 79
23 0,7 82
24 0,7 79
25 0,7 87
26 0,7 88
27 0,7 98
28 0,7 75
29 0,7 84
30 0,7 74
31 0,7 93
32 0,7 81
33 0,7 87
34 0,7 91
35 0,7 105
36 0,7 97
37 0,7 107
38 0,7 93
39 0,7 104
40 0,7 89
41 0,7 84
42 0,7 81
43 0,7 82
44 0,7 82
45 0,7 96
46 0,7 93
47 0,7 101
48 0,7 95
49 0,7 106
50 0,7 111
51 0,7 120
52 0,7 89
53 0,7 88
54 0,7 93
55 0,7 93
56 0,7 85
57 0,7 98
58 0,7 108
59 0,7 105
60 0,7 117
61 0,7 114
62 0,7 101
63 0,7 108
64 0,7 100
65 0,7 107
66 0,7 112
67 0,7 98
68 0,7 82
69 0,7 83
70 0,7 86
71 0,7 82
72 0,7 82
73 0,7 70
74 0,7 72
75 0,7 83
76 0,7 84
77 0,7 83
78 0,7 90
79 0,7 78
80 0,7 92
81 0,7 77
82 0,7 94
83 0,7 79
84 0,7 98
85 0,7 86
86 0,7 85
87 0,7 69
88 0,7 74
89 0,7 60
90 0,7 63
91 0,7 62
92 0,7 66
93 0,7 66
94 0,7 67
95 0,7 66
96 0,7 67
97 0,7 63
98 0,7 59
99 0,7 58
100 0,7 52
101 0,7 56
102 0,7 56
103 0,7 55
104 0,7 55
105 0,7 60
106 0,7 64
107 0,7 65
108 0,7 66
109 0,7 81
110 0,7 80
111 0,7 78
112 0,7 76
113 0,7 89
114 0,7 89
115 0,7 64
116 0,7 70
117 0,7 67
118 0,7 68
119 0,7 75
120 0,7 78
121 0,7 68
122 0,7 83
123 0,7 57
124 0,7 53
125 0,7 51
126 0,7 52
127 0,7 49
128 0,7 52
129 0,7 53
130 0,7 53
131 0,7 57
132 0,7 58
133 0,7 55
134 0,7 53
135 0,7 47
136 0,7 62
137 0,7 50
138 0,7 48
139 0,7 52
140 0,7 42
141 0,7 51
142 0,7 46
143 0,7 60
144 0,7 50
145 0,7 59
146 0,7 55
147 0,7 68
148 0,7 62
149 0,7 77
150 0,7 72
151 0,7 81
152 0,7 79
153 0,7 79
154 0,7 82
155 0,7 81
156 0,7 92
157 0,7 90
158 0,7 86
159 0,7 84
160 0,7 93
161 0,7 109
162 0,7 89
163 0,7 94
164 0,7 87
165 0,7 103
166 0,7 74
167 0,7 63
168 0,7 66
169 0,7 64
170 0,7 61
171 0,7 59
172 0,7 80
173 0,7 54
174 0,7 50
175 0,7 39
176 0,7 38
177 0,7 40
178 0,7 41
179 0,7 41
180 0,7 44
181 0,7 45
182 0,7 45
183 0,7 39
184 0,7 37
185 0,7 34
186 0,7 38
187 0,7 43
188 0,7 47
189 0,7 49
190 0,7 46
191 0,7 58
192 0,7 49
193 0,7 67
194 0,7 62
195 0,7 69
196 0,7 75
197 0,7 87
198 0,7 59
199 0,7 54
200 0,7 54
201 0,7 54
202 0,7 55
203 0,7 60
204 0,7 62
205 0,7 72
206 0,7 63
207 0,7 64
208 0,7 67
209 0,7 63
210 0,7 69
211 0,7 66
212 0,7 61
213 0,7 61
214 0,7 54
215 0,7 59
216 0,7 58
217 0,7 64
218 0,7 61
219 0,7 56
220 0,7 58
221 0,7 61
222 0,7 55
223 0,7 54
224 0,7 58
225 0,7 60
226 0,7 66
227 0,7 61
228 0,7 62
229 0,7 58
230 0,7 58
231 0,7 58
232 0,7 50
233 0,7 48
234 0,7 53
235 0,7 52
236 0,7 51
237 0,7 55
238 0,7 47
239 0,7 48
240 0,7 54
241 0,7 54
242 0,7 51
243 0,7 48
244 0,7 46
245 0,7 47
246 0,7 46
247 0,7 49
248 0,7 46
249 0,7 46
250 0,7 42
251 0,7 45
252 0,7 44
253 0,7 44
254 0,7 48
255 0,7 47
256 0,7 52
257 0,7 46
258 0,7 45
259 0,7 44
260 0,7 46
261 0,7 43
262 0,7 45
263 0,7 45
264 0,7 46
265 0,7 48
266 0,7 50
267 0,7 54
268 0,7 59
269 0,7 59
270 0,7 56
271 0,7 51
272 0,7 49
273 0,7 58
274 0,7 52
275 0,7 57
276 0,7 54
277 0,7 56
278 0,7 55
279 0,7 52
280 0,7 49
281 0,7 51
282 0,7 47
283 0,7 45
284 0,7 48
285 0,7 45
286 0,7 42
287 0,7 41
288 0,7 43
289 0,7 42
290 0,7 43
291 0,7 42
292 0,7 47
293 0,7 44
294 0,7 49
295 0,7 46
296 0,7 50
297 0,7 46
298 0,7 45
299 0,7 45
300 0,7 48
301 0,7 48
302 0,7 52
303 0,7 56
304 0,7 64
305 0,7 52
306 0,7 56
307 0,7 56
308 0,7 56
309 0,7 56
310 0,7 56
311 0,7 56
312 0,7 56
313 0,7 56
314 0,7 56
315 0,7 56
316 0,7 56
317 0,7 56
318 0,7 56
319 0,7 56
320 0,7 56
321 0,7 56
322 0,7 56
323 0,7 56
324 0,7 56
325 0,7 56
326 0,7 56
327 0,7 56
328 0,7 56
329 0,7 56
330 0,7 56
331 0,7 56
332 0,7 56
333 0,7 56
334 0,7 56
335 0,7 56
336 0,7 56
337 0,7 56
338 0,7 56
339 0,7 56
340 0,7 56
341 0,7 56
342 0,7 56
343 0,7 56
344 0,7 56
345 0,7 56
346 0,7 56
347 0,7 56
348 0,7 56
349 0,7 56
350 0,7 56
351 0,7 56
352 0,7 56
353 0,7 56
354 0,7 56
355 0,7 56
356 0,7 56
357 0,7 56
358 0,7 56
359 0,7 56
360 0,7 56
361 0,7 56
362 0,7 56
363 0,7 56
364 0,7 56
365 0,7 56
366 0,7 56
367 0,7 56
368 0,7 56
369 0,7 56
370 0,7 56
371 0,7 56
372 0,7 56
373 0,7 56
374 0,7 56
375 0,7 56
376 0,7 56
377 0,7 56
378 0,7 56
379 0,7 56
380 0,7 56
381 0,7 56
382 0,7 56
383 0,7 56
384 0,7 56
385 0,7 56
386 0,7 56
387 0,7 56
388 0,7 56
389 0,7 56
390 0,7 56
391 0,7 56
392 0,7 56
393 0,7 56
394 0,7 56
395 0,7 56
396 0,7 56
397 0,7 56
398 0,7 56
399 0,7 56
400 0,7 56
401 0,7 56
402 0,7 56
403 0,7 56
404 0,7 56
405 0,7 56
406 0,7 56
407 0,7 56
408 0,7 56
409 0,7 56
410 0,7 56
411 0,7 56
412 0,7 56
413 0,7 56
414 0,7 56
415 0,7 56
416 0,7 56
417 0,7 56
418 0,7 56
419 0,7 56
420 0,7 56
421 0,7 56
422 0,7 56
423 0,7 56
424 0,7 56
425 0,7 56
426 0,7 56
427 0,7 56
428 0,7 56
429 0,7 56
430 0,7 56
431 0,7 56
432 0,7 56
433 0,7 56
434 0,7 56
435 0,7 56
436 0,7 56
437 0,7 56
438 0,7 56
439 0,7 56
440 0,7 56
441 0,7 56
442 0,7 56
443 0,7 56
444 0,7 56
445 0,7 56
446 0,7 56
447 0,7 56
448 0,7 56
449 0,7 56
450 0,7 56
451 0,7 56
452 0,7 56
453 0,7 56
454 0,7 56
455 0,7 56
456 0,7 56
457 0,7 56
458 0,7 56
459 0,7 56
460 0,7 56
461 0,7 56
462 0,7 56
463 0,7 56
464 0,7 56
465 0,7 56
466 0,7 56
467 0,7 56
468 0,7 56
469 0,7 56
470 0,7 56
471 0,7 56
472 0,7 56
473 0,7 56
474 0,7 56
475 0,7 56
476 0,7 56
477 0,7 56
478 0,7 56
479 0,7 56
480 0,7 56
481 0,7 56
482 0,7 56
483 0,7 56
484 0,7 56
485 0,7 56
486 0,7 56
487 0,7 56
488 0,7 56
489 0,7 56
490 0,7 56
491 0,7 56
492 0,7 56
493 0,7 56
494 0,7 56
495 0,7 56
496 0,7 56
497 0,7 56
498 0,7 56
499 0,7 56
500 0,7 56
501 0,7 56
502 0,7 56
503 0,7 56
504 0,7 56
505 0,7 56
506 0,7 56
507 0,7 56
508 0,7 56
509 0,7 56
510 0,7 56
511 0,7 56
512 0,7 56
513 0,7 56
514 0,7 56
515 0,7 56
516 0,7 56
517 0,7 56
518 0,7 56
519 0,7 56
520 0,7 56
521 0,7 56
522 0,7 56
523 0,7 56
524 0,7 56
525 0,7 56
526 0,7 56
527 0,7 56
528 0,7 56
529 0,7 56
530 0,7 56
531 0,7 56
532 0,7 56
533 0,7 56
534 0,7 56
535 0,7 56
536 0,7 56
537 0,7 56
538 0,7 56
539 0,7 56
540 0,7 56
541 0,7 56
542 0,7 56
543 0,7 56
544 0,7 56
545 0,7 56
546 0,7 56
547 0,7 56
548 0,7 56
549 0,7 56
550 0,7 56
551 0,7 56
552 0,7 56
553 0,7 56
554 0,7 56
555 0,7 56
556 0,7 56
557 0,7 56
558 0,7 56
559 0,7 56
560 0,7 56
561 0,7 56
562 0,7 56
563 0,7 56
564 0,7 56
565 0,7 56
566 0,7 56
567 0,7 56
568 0,7 56
569 0,7 56
570 0,7 56
571 0,7 56
572 0,7 56
573 0,7 56
574 0,7 56
575 0,7 56
576 0,7 56
577 0,7 56
578 0,7 56
579 0,7 56
580 0,7 56
581 0,7 56
582 0,7 56
583 0,7 56
584 0,7 56
585 0,7 56
586 0,7 56
587 0,7 56
588 0,7 56
589 0,7 56
590 0,7 56
591 0,7 56
592 0,7 56
593 0,7 56
594 0,7 56
595 0,7 56
596 0,7 56
597 0,7 56
598 0,7 56
599 0,7 56
0 0,8 805
1 0,8 11
2 0,8 5
3 0,8 2
4 0,8 0
5 0,8 0
6 0,8 0
7 0,8 0
8 0,8 0
9 0,8 0
10 0,8 0
11 0,8 0
12 0,8 0
13 0,8 0
14 0,8 0
15 0,8 0
16 0,8 0
17 0,8 0
18 0,8 0
19 0,8 0
20 0,8 0
21 0,8 0
22 0,8 0
23 0,8 0
24 0,8 0
25 0,8 0
26 0,8 0
27 0,8 0
28 0,8 0
29 0,8 0
30 0,8 0
31 0,8 0
32 0,8 0
33 0,8 0
34 0,8 0
35 0,8 0
36 0,8 0
37 0,8 0
38 0,8 0
39 0,8 0
40 0,8 0
41 0,8 0
42 0,8 0
43 0,8 0
44 0,8 0
45 0,8 0
46 0,8 0
47 0,8 0
48 0,8 0
49 0,8 0
50 0,8 0
51 0,8 0
52 0,8 0
53 0,8 0
54 0,8 0
55 0,8 0
56 0,8 0
57 0,8 0
58 0,8 0
59 0,8 0
60 0,8 0
61 0,8 0
62 0,8 0
63 0,8 0
64 0,8 0
65 0,8 0
66 0,8 0
67 0,8 0
68 0,8 0
69 0,8 0
70 0,8 0
71 0,8 0
72 0,8 0
73 0,8 0
74 0,8 0
75 0,8 0
76 0,8 0
77 0,8 0
78 0,8 0
79 0,8 0
80 0,8 0
81 0,8 0
82 0,8 0
83 0,8 0
84 0,8 0
85 0,8 0
86 0,8 0
87 0,8 0
88 0,8 0
89 0,8 0
90 0,8 0
91 0,8 0
92 0,8 0
93 0,8 0
94 0,8 0
95 0,8 0
96 0,8 0
97 0,8 0
98 0,8 0
99 0,8 0
100 0,8 0
101 0,8 0
102 0,8 0
103 0,8 0
104 0,8 0
105 0,8 0
106 0,8 0
107 0,8 0
108 0,8 0
109 0,8 0
110 0,8 0
111 0,8 0
112 0,8 0
113 0,8 0
114 0,8 0
115 0,8 0
116 0,8 0
117 0,8 0
118 0,8 0
119 0,8 0
120 0,8 0
121 0,8 0
122 0,8 0
123 0,8 0
124 0,8 0
125 0,8 0
126 0,8 0
127 0,8 0
128 0,8 0
129 0,8 0
130 0,8 0
131 0,8 0
132 0,8 0
133 0,8 0
134 0,8 0
135 0,8 0
136 0,8 0
137 0,8 0
138 0,8 0
139 0,8 0
140 0,8 0
141 0,8 0
142 0,8 0
143 0,8 0
144 0,8 0
145 0,8 0
146 0,8 0
147 0,8 0
148 0,8 0
149 0,8 0
150 0,8 0
151 0,8 0
152 0,8 0
153 0,8 0
154 0,8 0
155 0,8 0
156 0,8 0
157 0,8 0
158 0,8 0
159 0,8 0
160 0,8 0
161 0,8 0
162 0,8 0
163 0,8 0
164 0,8 0
165 0,8 0
166 0,8 0
167 0,8 0
168 0,8 0
169 0,8 0
170 0,8 0
171 0,8 0
172 0,8 0
173 0,8 0
174 0,8 0
175 0,8 0
176 0,8 0
177 0,8 0
178 0,8 0
179 0,8 0
180 0,8 0
181 0,8 0
182 0,8 0
183 0,8 0
184 0,8 0
185 0,8 0
186 0,8 0
187 0,8 0
188 0,8 0
189 0,8 0
190 0,8 0
191 0,8 0
192 0,8 0
193 0,8 0
194 0,8 0
195 0,8 0
196 0,8 0
197 0,8 0
198 0,8 0
199 0,8 0
200 0,8 0
201 0,8 0
202 0,8 0
203 0,8 0
204 0,8 0
205 0,8 0
206 0,8 0
207 0,8 0
208 0,8 0
209 0,8 0
210 0,8 0
211 0,8 0
212 0,8 0
213 0,8 0
214 0,8 0
215 0,8 0
216 0,8 0
217 0,8 0
218 0,8 0
219 0,8 0
220 0,8 0
221 0,8 0
222 0,8 0
223 0,8 0
224 0,8 0
225 0,8 0
226 0,8 0
227 0,8 0
228 0,8 0
229 0,8 0
230 0,8 0
231 0,8 0
232 0,8 0
233 0,8 0
234 0,8 0
235 0,8 0
236 0,8 0
237 0,8 0
238 0,8 0
239 0,8 0
240 0,8 0
241 0,8 0
242 0,8 0
243 0,8 0
244 0,8 0
245 0,8 0
246 0,8 0
247 0,8 0
248 0,8 0
249 0,8 0
250 0,8 0
251 0,8 0
252 0,8 0
253 0,8 0
254 0,8 0
255 0,8 0
256 0,8 0
257 0,8 0
258 0,8 0
259 0,8 0
260 0,8 0
261 0,8 0
262 0,8 0
263 0,8 0
264 0,8 0
265 0,8 0
266 0,8 0
267 0,8 0
268 0,8 0
269 0,8 0
270 0,8 0
271 0,8 0
272 0,8 0
273 0,8 0
274 0,8 0
275 0,8 0
276 0,8 0
277 0,8 0
278 0,8 0
279 0,8 0
280 0,8 0
281 0,8 0
282 0,8 0
283 0,8 0
284 0,8 0
285 0,8 0
286 0,8 0
287 0,8 0
288 0,8 0
289 0,8 0
290 0,8 0
291 0,8 0
292 0,8 0
293 0,8 0
294 0,8 0
295 0,8 0
296 0,8 0
297 0,8 0
298 0,8 0
299 0,8 0
300 0,8 0
301 0,8 0
302 0,8 0
303 0,8 0
304 0,8 0
305 0,8 0
306 0,8 0
307 0,8 0
308 0,8 0
309 0,8 0
310 0,8 0
311 0,8 0
312 0,8 0
313 0,8 0
314 0,8 0
315 0,8 0
316 0,8 0
317 0,8 0
318 0,8 0
319 0,8 0
320 0,8 0
321 0,8 0
322 0,8 0
323 0,8 0
324 0,8 0
325 0,8 0
326 0,8 0
327 0,8 0
328 0,8 0
329 0,8 0
330 0,8 0
331 0,8 0
332 0,8 0
333 0,8 0
334 0,8 0
335 0,8 0
336 0,8 0
337 0,8 0
338 0,8 0
339 0,8 0
340 0,8 0
341 0,8 0
342 0,8 0
343 0,8 0
344 0,8 0
345 0,8 0
346 0,8 0
347 0,8 0
348 0,8 0
349 0,8 0
350 0,8 0
351 0,8 0
352 0,8 0
353 0,8 0
354 0,8 0
355 0,8 0
356 0,8 0
357 0,8 0
358 0,8 0
359 0,8 0
360 0,8 0
361 0,8 0
362 0,8 0
363 0,8 0
364 0,8 0
365 0,8 0
366 0,8 0
367 0,8 0
368 0,8 0
369 0,8 0
370 0,8 0
371 0,8 0
372 0,8 0
373 0,8 0
374 0,8 0
375 0,8 0
376 0,8 0
377 0,8 0
378 0,8 0
379 0,8 0
380 0,8 0
381 0,8 0
382 0,8 0
383 0,8 0
384 0,8 0
385 0,8 0
386 0,8 0
387 0,8 0
388 0,8 0
389 0,8 0
390 0,8 0
391 0,8 0
392 0,8 0
393 0,8 0
394 0,8 0
395 0,8 0
396 0,8 0
397 0,8 0
398 0,8 0
399 0,8 0
400 0,8 0
401 0,8 0
402 0,8 0
403 0,8 0
404 0,8 0
405 0,8 0
406 0,8 0
407 0,8 0
408 0,8 0
409 0,8 0
410 0,8 0
411 0,8 0
412 0,8 0
413 0,8 0
414 0,8 0
415 0,8 0
416 0,8 0
417 0,8 0
418 0,8 0
419 0,8 0
420 0,8 0
421 0,8 0
422 0,8 0
423 0,8 0
424 0,8 0
425 0,8 0
426 0,8 0
427 0,8 0
428 0,8 0
429 0,8 0
430 0,8 0
431 0,8 0
432 0,8 0
433 0,8 0
434 0,8 0
435 0,8 0
436 0,8 0
437 0,8 0
438 0,8 0
439 0,8 0
440 0,8 0
441 0,8 0
442 0,8 0
443 0,8 0
444 0,8 0
445 0,8 0
446 0,8 0
447 0,8 0
448 0,8 0
449 0,8 0
450 0,8 0
451 0,8 0
452 0,8 0
453 0,8 0
454 0,8 0
455 0,8 0
456 0,8 0
457 0,8 0
458 0,8 0
459 0,8 0
460 0,8 0
461 0,8 0
462 0,8 0
463 0,8 0
464 0,8 0
465 0,8 0
466 0,8 0
467 0,8 0
468 0,8 0
469 0,8 0
470 0,8 0
471 0,8 0
472 0,8 0
473 0,8 0
474 0,8 0
475 0,8 0
476 0,8 0
477 0,8 0
478 0,8 0
479 0,8 0
480 0,8 0
481 0,8 0
482 0,8 0
483 0,8 0
484 0,8 0
485 0,8 0
486 0,8 0
487 0,8 0
488 0,8 0
489 0,8 0
490 0,8 0
491 0,8 0
492 0,8 0
493 0,8 0
494 0,8 0
495 0,8 0
496 0,8 0
497 0,8 0
498 0,8 0
499 0,8 0
500 0,8 0
501 0,8 0
502 0,8 0
503 0,8 0
504 0,8 0
505 0,8 0
506 0,8 0
507 0,8 0
508 0,8 0
509 0,8 0
510 0,8 0
511 0,8 0
512 0,8 0
513 0,8 0
514 0,8 0
515 0,8 0
516 0,8 0
517 0,8 0
518 0,8 0
519 0,8 0
520 0,8 0
521 0,8 0
522 0,8 0
523 0,8 0
524 0,8 0
525 0,8 0
526 0,8 0
527 0,8 0
528 0,8 0
529 0,8 0
530 0,8 0
531 0,8 0
532 0,8 0
533 0,8 0
534 0,8 0
535 0,8 0
536 0,8 0
537 0,8 0
538 0,8 0
539 0,8 0
540 0,8 0
541 0,8 0
542 0,8 0
543 0,8 0
544 0,8 0
545 0,8 0
546 0,8 0
547 0,8 0
548 0,8 0
549 0,8 0
550 0,8 0
551 0,8 0
552 0,8 0
553 0,8 0
554 0,8 0
555 0,8 0
556 0,8 0
557 0,8 0
558 0,8 0
559 0,8 0
560 0,8 0
561 0,8 0
562 0,8 0
563 0,8 0
564 0,8 0
565 0,8 0
566 0,8 0
567 0,8 0
568 0,8 0
569 0,8 0
570 0,8 0
571 0,8 0
572 0,8 0
573 0,8 0
574 0,8 0
575 0,8 0
576 0,8 0
577 0,8 0
578 0,8 0
579 0,8 0
580 0,8 0
581 0,8 0
582 0,8 0
583 0,8 0
584 0,8 0
585 0,8 0
586 0,8 0
587 0,8 0
588 0,8 0
589 0,8 0
590 0,8 0
591 0,8 0
592 0,8 0
593 0,8 0
594 0,8 0
595 0,8 0
596 0,8 0
597 0,8 0
598 0,8 0
599 0,8 0
0 0,9 912
1 0,9 0
2 0,9 0
3 0,9 0
4 0,9 0
5 0,9 0
6 0,9 0
7 0,9 0
8 0,9 0
9 0,9 0
10 0,9 0
11 0,9 0
12 0,9 0
13 0,9 0
14 0,9 0
15 0,9 0
16 0,9 0
17 0,9 0
18 0,9 0
19 0,9 0
20 0,9 0
21 0,9 0
22 0,9 0
23 0,9 0
24 0,9 0
25 0,9 0
26 0,9 0
27 0,9 0
28 0,9 0
29 0,9 0
30 0,9 0
31 0,9 0
32 0,9 0
33 0,9 0
34 0,9 0
35 0,9 0
36 0,9 0
37 0,9 0
38 0,9 0
39 0,9 0
40 0,9 0
41 0,9 0
42 0,9 0
43 0,9 0
44 0,9 0
45 0,9 0
46 0,9 0
47 0,9 0
48 0,9 0
49 0,9 0
50 0,9 0
51 0,9 0
52 0,9 0
53 0,9 0
54 0,9 0
55 0,9 0
56 0,9 0
57 0,9 0
58 0,9 0
59 0,9 0
60 0,9 0
61 0,9 0
62 0,9 0
63 0,9 0
64 0,9 0
65 0,9 0
66 0,9 0
67 0,9 0
68 0,9 0
69 0,9 0
70 0,9 0
71 0,9 0
72 0,9 0
73 0,9 0
74 0,9 0
75 0,9 0
76 0,9 0
77 0,9 0
78 0,9 0
79 0,9 0
80 0,9 0
81 0,9 0
82 0,9 0
83 0,9 0
84 0,9 0
85 0,9 0
86 0,9 0
87 0,9 0
88 0,9 0
89 0,9 0
90 0,9 0
91 0,9 0
92 0,9 0
93 0,9 0
94 0,9 0
95 0,9 0
96 0,9 0
97 0,9 0
98 0,9 0
99 0,9 0
100 0,9 0
101 0,9 0
102 0,9 0
103 0,9 0
104 0,9 0
105 0,9 0
106 0,9 0
107 0,9 0
108 0,9 0
109 0,9 0
110 0,9 0
111 0,9 0
112 0,9 0
113 0,9 0
114 0,9 0
115 0,9 0
116 0,9 0
117 0,9 0
118 0,9 0
119 0,9 0
120 0,9 0
121 0,9 0
122 0,9 0
123 0,9 0
124 0,9 0
125 0,9 0
126 0,9 0
127 0,9 0
128 0,9 0
129 0,9 0
130 0,9 0
131 0,9 0
132 0,9 0
133 0,9 0
134 0,9 0
135 0,9 0
136 0,9 0
137 0,9 0
138 0,9 0
139 0,9 0
140 0,9 0
141 0,9 0
142 0,9 0
143 0,9 0
144 0,9 0
145 0,9 0
146 0,9 0
147 0,9 0
148 0,9 0
149 0,9 0
150 0,9 0
151 0,9 0
152 0,9 0
153 0,9 0
154 0,9 0
155 0,9 0
156 0,9 0
157 0,9 0
158 0,9 0
159 0,9 0
160 0,9 0
161 0,9 0
162 0,9 0
163 0,9 0
164 0,9 0
165 0,9 0
166 0,9 0
167 0,9 0
168 0,9 0
169 0,9 0
170 0,9 0
171 0,9 0
172 0,9 0
173 0,9 0
174 0,9 0
175 0,9 0
176 0,9 0
177 0,9 0
178 0,9 0
179 0,9 0
180 0,9 0
181 0,9 0
182 0,9 0
183 0,9 0
184 0,9 0
185 0,9 0
186 0,9 0
187 0,9 0
188 0,9 0
189 0,9 0
190 0,9 0
191 0,9 0
192 0,9 0
193 0,9 0
194 0,9 0
195 0,9 0
196 0,9 0
197 0,9 0
198 0,9 0
199 0,9 0
200 0,9 0
201 0,9 0
202 0,9 0
203 0,9 0
204 0,9 0
205 0,9 0
206 0,9 0
207 0,9 0
208 0,9 0
209 0,9 0
210 0,9 0
211 0,9 0
212 0,9 0
213 0,9 0
214 0,9 0
215 0,9 0
216 0,9 0
217 0,9 0
218 0,9 0
219 0,9 0
220 0,9 0
221 0,9 0
222 0,9 0
223 0,9 0
224 0,9 0
225 0,9 0
226 0,9 0
227 0,9 0
228 0,9 0
229 0,9 0
230 0,9 0
231 0,9 0
232 0,9 0
233 0,9 0
234 0,9 0
235 0,9 0
236 0,9 0
237 0,9 0
238 0,9 0
239 0,9 0
240 0,9 0
241 0,9 0
242 0,9 0
243 0,9 0
244 0,9 0
245 0,9 0
246 0,9 0
247 0,9 0
248 0,9 0
249 0,9 0
250 0,9 0
251 0,9 0
252 0,9 0
253 0,9 0
254 0,9 0
255 0,9 0
256 0,9 0
257 0,9 0
258 0,9 0
259 0,9 0
260 0,9 0
261 0,9 0
262 0,9 0
263 0,9 0
264 0,9 0
265 0,9 0
266 0,9 0
267 0,9 0
268 0,9 0
269 0,9 0
270 0,9 0
271 0,9 0
272 0,9 0
273 0,9 0
274 0,9 0
275 0,9 0
276 0,9 0
277 0,9 0
278 0,9 0
279 0,9 0
280 0,9 0
281 0,9 0
282 0,9 0
283 0,9 0
284 0,9 0
285 0,9 0
286 0,9 0
287 0,9 0
288 0,9 0
289 0,9 0
290 0,9 0
291 0,9 0
292 0,9 0
293 0,9 0
294 0,9 0
295 0,9 0
296 0,9 0
297 0,9 0
298 0,9 0
299 0,9 0
300 0,9 0
301 0,9 0
302 0,9 0
303 0,9 0
304 0,9 0
305 0,9 0
306 0,9 0
307 0,9 0
308 0,9 0
309 0,9 0
310 0,9 0
311 0,9 0
312 0,9 0
313 0,9 0
314 0,9 0
315 0,9 0
316 0,9 0
317 0,9 0
318 0,9 0
319 0,9 0
320 0,9 0
321 0,9 0
322 0,9 0
323 0,9 0
324 0,9 0
325 0,9 0
326 0,9 0
327 0,9 0
328 0,9 0
329 0,9 0
330 0,9 0
331 0,9 0
332 0,9 0
333 0,9 0
334 0,9 0
335 0,9 0
336 0,9 0
337 0,9 0
338 0,9 0
339 0,9 0
340 0,9 0
341 0,9 0
342 0,9 0
343 0,9 0
344 0,9 0
345 0,9 0
346 0,9 0
347 0,9 0
348 0,9 0
349 0,9 0
350 0,9 0
351 0,9 0
352 0,9 0
353 0,9 0
354 0,9 0
355 0,9 0
356 0,9 0
357 0,9 0
358 0,9 0
359 0,9 0
360 0,9 0
361 0,9 0
362 0,9 0
363 0,9 0
364 0,9 0
365 0,9 0
366 0,9 0
367 0,9 0
368 0,9 0
369 0,9 0
370 0,9 0
371 0,9 0
372 0,9 0
373 0,9 0
374 0,9 0
375 0,9 0
376 0,9 0
377 0,9 0
378 0,9 0
379 0,9 0
380 0,9 0
381 0,9 0
382 0,9 0
383 0,9 0
384 0,9 0
385 0,9 0
386 0,9 0
387 0,9 0
388 0,9 0
389 0,9 0
390 0,9 0
391 0,9 0
392 0,9 0
393 0,9 0
394 0,9 0
395 0,9 0
396 0,9 0
397 0,9 0
398 0,9 0
399 0,9 0
400 0,9 0
401 0,9 0
402 0,9 0
403 0,9 0
404 0,9 0
405 0,9 0
406 0,9 0
407 0,9 0
408 0,9 0
409 0,9 0
410 0,9 0
411 0,9 0
412 0,9 0
413 0,9 0
414 0,9 0
415 0,9 0
416 0,9 0
417 0,9 0
418 0,9 0
419 0,9 0
420 0,9 0
421 0,9 0
422 0,9 0
423 0,9 0
424 0,9 0
425 0,9 0
426 0,9 0
427 0,9 0
428 0,9 0
429 0,9 0
430 0,9 0
431 0,9 0
432 0,9 0
433 0,9 0
434 0,9 0
435 0,9 0
436 0,9 0
437 0,9 0
438 0,9 0
439 0,9 0
440 0,9 0
441 0,9 0
442 0,9 0
443 0,9 0
444 0,9 0
445 0,9 0
446 0,9 0
447 0,9 0
448 0,9 0
449 0,9 0
450 0,9 0
451 0,9 0
452 0,9 0
453 0,9 0
454 0,9 0
455 0,9 0
456 0,9 0
457 0,9 0
458 0,9 0
459 0,9 0
460 0,9 0
461 0,9 0
462 0,9 0
463 0,9 0
464 0,9 0
465 0,9 0
466 0,9 0
467 0,9 0
468 0,9 0
469 0,9 0
470 0,9 0
471 0,9 0
472 0,9 0
473 0,9 0
474 0,9 0
475 0,9 0
476 0,9 0
477 0,9 0
478 0,9 0
479 0,9 0
480 0,9 0
481 0,9 0
482 0,9 0
483 0,9 0
484 0,9 0
485 0,9 0
486 0,9 0
487 0,9 0
488 0,9 0
489 0,9 0
490 0,9 0
491 0,9 0
492 0,9 0
493 0,9 0
494 0,9 0
495 0,9 0
496 0,9 0
497 0,9 0
498 0,9 0
499 0,9 0
500 0,9 0
501 0,9 0
502 0,9 0
503 0,9 0
504 0,9 0
505 0,9 0
506 0,9 0
507 0,9 0
508 0,9 0
509 0,9 0
510 0,9 0
511 0,9 0
512 0,9 0
513 0,9 0
514 0,9 0
515 0,9 0
516 0,9 0
517 0,9 0
518 0,9 0
519 0,9 0
520 0,9 0
521 0,9 0
522 0,9 0
523 0,9 0
524 0,9 0
525 0,9 0
526 0,9 0
527 0,9 0
528 0,9 0
529 0,9 0
530 0,9 0
531 0,9 0
532 0,9 0
533 0,9 0
534 0,9 0
535 0,9 0
536 0,9 0
537 0,9 0
538 0,9 0
539 0,9 0
540 0,9 0
541 0,9 0
542 0,9 0
543 0,9 0
544 0,9 0
545 0,9 0
546 0,9 0
547 0,9 0
548 0,9 0
549 0,9 0
550 0,9 0
551 0,9 0
552 0,9 0
553 0,9 0
554 0,9 0
555 0,9 0
556 0,9 0
557 0,9 0
558 0,9 0
559 0,9 0
560 0,9 0
561 0,9 0
562 0,9 0
563 0,9 0
564 0,9 0
565 0,9 0
566 0,9 0
567 0,9 0
568 0,9 0
569 0,9 0
570 0,9 0
571 0,9 0
572 0,9 0
573 0,9 0
574 0,9 0
575 0,9 0
576 0,9 0
577 0,9 0
578 0,9 0
579 0,9 0
580 0,9 0
581 0,9 0
582 0,9 0
583 0,9 0
584 0,9 0
585 0,9 0
586 0,9 0
587 0,9 0
588 0,9 0
589 0,9 0
590 0,9 0
591 0,9 0
592 0,9 0
593 0,9 0
594 0,9 0
595 0,9 0
596 0,9 0
597 0,9 0
598 0,9 0
599 0,9 0
